1000 2
6.411 0.000 0.651 6.411 0.000 0.000714 0.007101 70.500 -0.05065
0.000 0.000 0.000 0.000 0.000 0.000000 0.000000 -0.334 -0.00066
0.000 0.000 0.000 0.000 0.000 0.000000 0.000000 0.270 0.00492
6.180 0.000 0.049 6.180 0.000 0.000688 0.006845 71.030 -0.04535
1.430 8.198 -0.955 8.171 3.152 0.000910 0.009700 74.196 0.10601
0.000 1.266 0.713 0.253 0.509 0.000028 0.000629 10.152 0.14872
0.000 0.000 0.000 0.000 0.000 0.000000 0.000000 -0.409 -0.00691
0.000 0.000 0.000 0.000 0.000 0.000000 0.000000 -0.147 0.00251
0.000 6.711 -0.897 5.294 2.754 0.000589 0.006609 66.921 0.16002
4.461 0.000 0.446 4.461 0.000 0.000497 0.004941 64.900 -0.02951
3.028 -0.563 -0.297 2.678 0.274 0.000298 0.002981 54.148 -0.04867
0.000 0.000 0.000 0.000 0.000 0.000000 0.000000 0.158 0.01065
0.000 3.699 -0.930 3.001 1.456 0.000334 0.003694 56.947 0.16718
-9.902 0.000 0.180 -9.902 0.000 0.001102 0.010968 -74.864 0.03069
8.146 -5.347 0.094 5.710 2.678 0.000636 0.006985 69.425 -0.20644
0.000 0.262 -0.775 0.201 0.112 0.000022 0.000255 8.109 0.02796
0.113 5.164 0.827 1.031 1.986 0.000115 0.002477 28.278 0.39767
0.000 -2.819 0.185 -1.034 1.366 0.000115 0.001897 -31.741 -0.34331
8.724 0.000 -0.892 8.724 0.000 0.000971 0.009663 75.753 -0.04009
0.000 0.000 0.000 0.000 0.000 0.000000 0.000000 0.158 0.00128
0.000 0.000 0.000 0.000 0.000 0.000000 0.000000 0.537 -0.00460
0.000 0.000 0.000 0.000 0.000 0.000000 0.000000 -0.389 0.00137
0.031 0.000 -0.140 0.031 0.000 0.000003 0.000034 0.964 -0.00626
0.000 3.034 0.490 0.775 1.331 0.000086 0.001705 24.013 0.30671
8.739 7.659 0.031 12.313 3.843 0.001371 0.014287 78.722 0.04466
0.000 0.000 0.000 0.000 0.000 0.000000 0.000000 0.036 -0.00331
2.230 0.000 0.669 2.230 0.000 0.000248 0.002470 49.846 0.00030
0.000 5.885 -0.934 4.773 2.316 0.000531 0.005876 66.219 0.14897
-9.551 -5.997 -0.627 -14.015 2.630 0.001560 0.015795 -77.336 0.00623
0.000 0.000 0.000 0.000 0.000 0.000000 0.000000 -0.264 -0.00453
0.000 0.000 0.000 0.000 0.000 0.000000 0.000000 0.312 0.00242
4.842 -2.294 -0.806 3.033 0.942 0.000338 0.003517 57.867 -0.10822
0.000 0.000 0.000 0.000 0.000 0.000000 0.000000 0.244 -0.00206
0.000 -9.138 0.411 -2.335 4.008 0.000260 0.005136 -48.551 -0.63318
0.000 0.000 0.000 0.000 0.000 0.000000 0.000000 0.531 0.00248
5.397 0.000 0.022 5.397 0.000 0.000601 0.005978 69.563 -0.04383
0.000 5.797 0.705 1.159 2.332 0.000129 0.002883 30.597 0.47791
0.000 -5.478 -0.368 -3.591 2.618 0.000400 0.004922 -64.459 -0.31310
-6.315 0.000 -0.858 -6.315 0.000 0.000703 0.006995 -73.074 0.04000
0.677 -4.101 -0.476 -2.149 1.909 0.000286 0.003180 -50.133 -0.47001
9.913 0.000 -0.229 9.913 0.000 0.001104 0.010981 77.505 -0.03241
2.908 0.000 -0.466 2.908 0.000 0.000324 0.003221 57.690 -0.00527
-6.748 0.000 0.335 -6.748 0.000 0.000751 0.007474 -73.193 0.03981
-8.083 9.833 -0.675 -0.763 4.313 0.000375 0.004835 -11.100 0.78046
4.914 7.806 0.790 6.389 3.073 0.000711 0.007852 69.879 0.06379
9.673 0.000 0.227 9.673 0.000 0.001077 0.010715 77.027 -0.02214
0.000 0.000 0.000 0.000 0.000 0.000000 0.000000 0.055 -0.00100
0.000 0.139 0.688 0.029 0.057 0.000003 0.000071 1.386 0.00831
0.000 0.000 0.000 0.000 0.000 0.000000 0.000000 0.279 0.00055
-4.573 -0.845 -0.202 -5.062 0.420 0.000563 0.005626 -70.820 0.01437
0.674 0.000 -0.691 0.674 0.000 0.000075 0.000747 22.787 -0.00239
0.000 8.532 -0.097 4.645 4.273 0.000517 0.006989 62.464 0.41015
0.000 0.000 0.000 0.000 0.000 0.000000 0.000000 -0.355 0.00313
0.000 -0.380 0.155 -0.148 0.186 0.000016 0.000263 -5.686 -0.05874
6.529 0.000 0.586 6.529 0.000 0.000727 0.007232 71.160 -0.04349
0.000 -3.429 0.156 -1.333 1.681 0.000148 0.002376 -37.783 -0.37484
-4.764 8.503 0.506 -2.686 3.675 0.000502 0.005024 -29.118 0.82712
-8.177 0.000 0.387 -8.177 0.000 0.000910 0.009057 -74.419 0.04405
0.000 -1.173 -0.164 -0.652 0.586 0.000073 0.000971 -24.279 -0.17163
9.246 2.678 0.720 9.782 1.077 0.001089 0.010901 77.306 -0.00652
9.370 0.000 -0.997 9.370 0.000 0.001043 0.010379 75.366 -0.03200
0.000 0.000 0.000 0.000 0.000 0.000000 0.000000 -0.094 -0.00172
-9.657 0.446 -0.796 -9.305 0.183 0.001036 0.010309 -75.039 0.05249
0.000 0.000 0.000 0.000 0.000 0.000000 0.000000 0.180 -0.00106
0.000 1.021 0.756 0.193 0.402 0.000021 0.000493 7.417 0.11636
-9.559 0.000 -0.015 -9.559 0.000 0.001064 0.010589 -74.966 0.03795
-0.258 0.000 0.945 -0.258 0.000 0.000029 0.000286 -11.130 -0.00133
0.000 0.000 0.000 0.000 0.000 0.000000 0.000000 0.601 -0.00404
0.000 -0.173 0.080 -0.079 0.087 0.000009 0.000130 -3.665 -0.02854
-1.610 0.000 -0.063 -1.610 0.000 0.000179 0.001783 -46.649 0.00446
0.812 -6.314 0.345 -0.942 2.844 0.000235 0.003310 -20.860 -0.66643
0.000 1.920 -0.477 1.322 0.894 0.000147 0.001768 34.367 0.17137
-2.446 6.980 -0.783 2.983 2.918 0.000453 0.004611 45.970 0.57016
-8.416 -2.294 -0.282 -9.843 1.119 0.001096 0.010973 -75.226 0.00874
0.000 -7.688 0.378 -2.136 3.463 0.000238 0.004505 -45.520 -0.56852
0.000 0.000 0.000 0.000 0.000 0.000000 0.000000 0.044 -0.00653
5.700 -2.088 0.760 5.305 0.822 0.000591 0.005947 67.984 -0.08728
0.000 -2.151 -0.078 -1.123 1.080 0.000125 0.001726 -35.251 -0.26499
0.000 0.000 0.000 0.000 0.000 0.000000 0.000000 -0.486 -0.00052
0.000 0.000 0.000 0.000 0.000 0.000000 0.000000 0.375 -0.00391
-9.322 -0.291 -0.067 -9.473 0.146 0.001055 0.010495 -75.326 0.02541
4.981 0.297 -0.718 5.209 0.126 0.000580 0.005771 67.984 -0.03708
0.000 0.000 0.000 0.000 0.000 0.000000 0.000000 0.248 -0.00386
-7.220 0.000 0.227 -7.220 0.000 0.000804 0.007998 -73.678 0.03620
0.000 -1.848 -0.729 -1.417 0.786 0.000158 0.001794 -42.822 -0.16678
1.834 0.000 -0.073 1.834 0.000 0.000204 0.002031 44.032 -0.00054
2.107 0.000 -0.624 2.107 0.000 0.000235 0.002334 47.804 0.00404
3.944 9.834 -0.618 11.156 4.373 0.001242 0.013271 75.715 0.09732
-2.873 0.000 -0.943 -2.873 0.000 0.000320 0.003183 -62.575 -0.00615
0.000 0.000 0.000 0.000 0.000 0.000000 0.000000 -0.303 0.00399
0.000 -8.270 0.191 -3.033 4.008 0.000338 0.005565 -55.384 -0.60445
0.000 0.000 0.000 0.000 0.000 0.000000 0.000000 0.230 0.00406
-0.468 -3.053 -0.435 -2.537 1.435 0.000282 0.003228 -58.407 -0.21607
0.387 5.007 0.706 1.388 2.014 0.000155 0.002708 35.110 0.37717
0.000 0.000 0.000 0.000 0.000 0.000000 0.000000 0.452 0.00153
6.690 9.295 -0.612 13.506 4.133 0.001504 0.015645 78.706 0.05945
8.288 -3.881 0.714 7.511 1.561 0.000836 0.008498 72.116 -0.08284
-5.419 1.379 -0.091 -4.668 0.690 0.000520 0.005227 -69.725 0.10522
0.000 1.777 -0.553 1.284 0.801 0.000143 0.001675 34.960 0.15433
0.000 0.000 0.000 0.000 0.000 0.000000 0.000000 0.832 -0.00465
7.197 0.000 0.318 7.197 0.000 0.000801 0.007972 71.808 -0.04608
6.987 -0.595 -0.679 6.543 0.261 0.000728 0.007254 72.310 -0.05119
0.000 6.538 -0.749 5.012 2.781 0.000558 0.006348 66.376 0.17364
2.226 0.000 -0.684 2.226 0.000 0.000248 0.002466 49.505 -0.00162
6.811 6.313 -0.435 11.090 2.967 0.001235 0.012716 78.097 0.05962
0.000 5.048 -0.198 2.861 2.516 0.000318 0.004219 52.816 0.34195
0.000 0.000 0.000 0.000 0.000 0.000000 0.000000 0.131 -0.00053
0.000 0.000 0.000 0.000 0.000 0.000000 0.000000 -0.264 0.00249
0.000 -9.285 -0.152 -5.159 4.640 0.000574 0.007683 -68.216 -0.44141
1.899 0.000 0.796 1.899 0.000 0.000211 0.002103 45.468 0.00498
0.000 -9.220 -0.327 -5.839 4.468 0.000650 0.008143 -71.725 -0.33725
0.000 0.000 0.000 0.000 0.000 0.000000 0.000000 -1.088 0.00475
1.473 -2.379 -0.123 0.151 1.189 0.000129 0.001321 5.166 -0.33926
8.803 0.000 0.780 8.803 0.000 0.000980 0.009751 76.340 -0.03417
0.000 -6.170 0.343 -1.714 2.779 0.000191 0.003615 -42.480 -0.52095
-5.939 0.000 -0.091 -5.939 0.000 0.000661 0.006578 -72.725 0.03951
-7.700 0.000 -0.001 -7.700 0.000 0.000857 0.008529 -75.178 0.02064
0.000 8.652 0.411 2.211 3.795 0.000246 0.004863 41.977 0.54866
0.000 5.594 0.744 1.057 2.202 0.000118 0.002704 27.385 0.44930
0.000 0.000 0.000 0.000 0.000 0.000000 0.000000 0.270 -0.00116
-9.023 -4.408 0.959 -9.757 1.652 0.001086 0.010961 -74.927 0.01224
0.000 0.000 0.000 0.000 0.000 0.000000 0.000000 -0.815 0.00373
3.097 9.791 -0.558 10.168 4.410 0.001132 0.012276 75.947 0.15820
3.566 -2.755 0.736 3.046 1.084 0.000339 0.003581 58.100 -0.13183
3.783 0.000 -0.495 3.783 0.000 0.000421 0.004191 62.652 -0.01279
0.000 -4.191 0.443 -1.071 1.838 0.000119 0.002356 -32.374 -0.42204
8.414 0.000 -0.885 8.414 0.000 0.000937 0.009320 75.558 -0.03509
6.166 -3.867 0.885 5.522 1.449 0.000615 0.006323 67.672 -0.11189
7.834 4.282 -0.763 11.116 1.821 0.001237 0.012477 77.717 0.00550
6.217 0.000 -0.994 6.217 0.000 0.000692 0.006886 71.097 -0.04177
8.092 0.000 0.369 8.092 0.000 0.000901 0.008963 75.547 -0.03308
0.000 -5.710 0.055 -2.601 2.859 0.000290 0.004280 -54.913 -0.45737
7.950 0.000 -0.544 7.950 0.000 0.000885 0.008806 74.878 -0.03899
-3.189 7.278 -0.173 0.854 3.637 0.000411 0.004116 12.405 0.68681
0.048 7.683 -0.090 4.231 3.848 0.000471 0.006333 61.640 0.40047
0.000 -1.176 0.984 -0.196 0.441 0.000022 0.000534 -6.850 -0.12584
0.000 0.000 0.000 0.000 0.000 0.000000 0.000000 0.295 -0.00273
0.000 4.106 0.524 1.004 1.775 0.000112 0.002258 27.907 0.36918
6.858 0.000 0.264 6.858 0.000 0.000763 0.007596 70.790 -0.06663
0.000 0.000 0.000 0.000 0.000 0.000000 0.000000 -0.516 0.00351
0.000 9.706 -0.547 7.010 4.372 0.000780 0.009149 70.112 0.28849
0.000 0.000 0.000 0.000 0.000 0.000000 0.000000 -0.811 0.00066
0.000 0.000 0.000 0.000 0.000 0.000000 0.000000 0.604 -0.00428
-7.988 -0.125 -0.473 -8.073 0.058 0.000899 0.008943 -75.011 0.02962
-7.499 0.000 -0.562 -7.499 0.000 0.000835 0.008307 -73.986 0.03707
5.755 7.664 -0.902 11.801 3.145 0.001314 0.013528 79.382 0.05112
0.000 9.776 0.071 4.454 4.896 0.000496 0.007329 60.331 0.48687
0.000 0.000 0.000 0.000 0.000 0.000000 0.000000 0.485 0.00142
-3.650 -8.761 -0.869 -10.561 3.595 0.001176 0.012357 -75.232 -0.05264
0.000 0.000 0.000 0.000 0.000 0.000000 0.000000 0.395 -0.01040
-6.560 0.000 -0.293 -6.560 0.000 0.000730 0.007266 -73.215 0.05313
9.498 -1.201 0.154 9.031 0.589 0.001005 0.010024 75.442 -0.06621
0.000 0.000 0.000 0.000 0.000 0.000000 0.000000 0.605 -0.00256
-1.580 -1.125 -0.187 -2.218 0.560 0.000247 0.002534 -54.515 -0.08743
9.424 4.739 -0.336 12.425 2.296 0.001383 0.013996 77.922 0.01817
0.000 -7.345 -0.520 -5.142 3.385 0.000572 0.006818 -70.203 -0.29282
1.768 -8.391 0.068 -2.055 4.202 0.000443 0.005166 -26.568 -0.83163
-8.961 0.000 -0.047 -8.961 0.000 0.000998 0.009926 -74.747 0.02883
9.313 0.000 0.304 9.313 0.000 0.001037 0.010316 76.955 -0.02744
0.000 0.000 0.000 0.000 0.000 0.000000 0.000000 0.202 0.00101
0.000 0.547 0.556 0.128 0.233 0.000014 0.000294 4.360 0.07119
0.000 4.554 0.196 1.670 2.207 0.000186 0.003064 37.210 0.40943
3.136 -9.955 -0.538 -4.054 4.484 0.000645 0.006678 -41.735 -0.91133
-8.734 6.230 -0.395 -4.650 2.977 0.000518 0.006114 -69.364 0.29995
0.000 0.000 0.000 0.000 0.000 0.000000 0.000000 -0.689 0.00757
0.000 0.000 0.000 0.000 0.000 0.000000 0.000000 0.071 -0.00226
6.419 7.290 -0.568 11.684 3.284 0.001301 0.013443 77.918 0.06367
3.985 7.008 0.220 6.555 3.396 0.000730 0.008176 72.754 0.13582
0.000 0.000 0.000 0.000 0.000 0.000000 0.000000 0.224 0.00021
0.000 0.000 0.000 0.000 0.000 0.000000 0.000000 0.002 -0.01012
-8.063 0.000 -0.498 -8.063 0.000 0.000898 0.008931 -74.461 0.03530
0.000 6.692 0.957 1.115 2.508 0.000124 0.003039 28.409 0.50809
-3.043 -9.119 -0.454 -9.325 4.245 0.001038 0.011348 -74.806 -0.12926
2.592 -7.668 -0.327 -2.265 3.716 0.000464 0.004803 -29.295 -0.88281
7.850 0.000 -0.883 7.850 0.000 0.000874 0.008695 74.838 -0.03286
0.000 0.000 0.000 0.000 0.000 0.000000 0.000000 0.095 -0.00736
-1.873 0.000 -0.344 -1.873 0.000 0.000208 0.002074 -51.251 0.01639
0.000 -7.239 -0.140 -4.021 3.617 0.000448 0.005990 -65.686 -0.43473
0.000 9.511 -0.215 5.495 4.724 0.000612 0.008025 65.705 0.38961
2.423 0.000 0.614 2.423 0.000 0.000270 0.002683 52.094 -0.00687
0.000 4.561 -0.991 3.750 1.753 0.000417 0.004585 61.238 0.15413
0.000 -1.757 -0.840 -1.386 0.721 0.000154 0.001731 -41.942 -0.15276
0.000 0.000 0.000 0.000 0.000 0.000000 0.000000 0.024 -0.00060
0.000 0.000 0.000 0.000 0.000 0.000000 0.000000 -0.495 0.00364
-7.408 0.000 0.605 -7.408 0.000 0.000825 0.008205 -73.932 0.03027
3.511 0.000 0.079 3.511 0.000 0.000391 0.003889 61.253 -0.01241
-4.178 -0.410 0.245 -4.310 0.193 0.000480 0.004779 -68.966 0.02962
-9.355 9.027 0.508 -7.149 3.901 0.000796 0.009020 -73.826 0.23940
-5.489 -3.426 0.972 -6.060 1.284 0.000675 0.006862 -71.965 0.01115
-4.281 0.000 -0.583 -4.281 0.000 0.000477 0.004742 -68.249 0.02307
0.000 3.847 0.835 0.684 1.479 0.000076 0.001804 21.018 0.34370
5.863 7.531 0.606 7.537 3.148 0.000839 0.009047 72.933 0.05197
-7.561 0.000 0.233 -7.561 0.000 0.000842 0.008375 -74.813 0.04662
0.000 6.861 0.424 1.753 3.009 0.000195 0.003856 38.048 0.50207
0.000 -4.549 0.884 -0.758 1.705 0.000084 0.002066 -24.709 -0.42413
0.000 2.857 0.940 0.476 1.071 0.000053 0.001298 16.780 0.27300
0.000 0.000 0.000 0.000 0.000 0.000000 0.000000 0.307 0.00521
7.024 0.000 -0.874 7.024 0.000 0.000782 0.007781 72.891 -0.04131
0.000 0.000 0.000 0.000 0.000 0.000000 0.000000 0.085 -0.00074
0.000 0.000 0.000 0.000 0.000 0.000000 0.000000 0.233 -0.00149
0.000 3.815 -0.965 3.136 1.467 0.000349 0.003835 57.567 0.14946
7.229 0.000 0.760 7.229 0.000 0.000805 0.008007 73.044 -0.03171
0.000 0.000 0.000 0.000 0.000 0.000000 0.000000 0.763 -0.00564
0.000 0.000 0.000 0.000 0.000 0.000000 0.000000 0.095 -0.00919
0.000 -6.525 -0.174 -3.625 3.261 0.000404 0.005399 -62.916 -0.41868
0.000 5.314 -0.784 4.133 2.222 0.000460 0.005197 63.815 0.18941
9.700 0.000 0.370 9.700 0.000 0.001080 0.010744 78.495 -0.03674
5.447 0.000 -0.154 5.447 0.000 0.000606 0.006034 69.391 -0.05567
0.000 -9.309 -0.442 -6.309 4.375 0.000702 0.008503 -72.094 -0.31039
-1.824 0.000 0.439 -1.824 0.000 0.000203 0.002021 -49.256 0.00902
0.000 0.000 0.000 0.000 0.000 0.000000 0.000000 0.297 0.00121
0.000 2.576 -0.877 2.032 1.057 0.000226 0.002537 46.110 0.15327
0.000 -5.447 -0.992 -4.479 2.094 0.000499 0.005476 -68.429 -0.14814
5.653 7.214 -0.243 9.901 3.569 0.001102 0.011657 76.841 0.09179
-2.035 0.000 0.791 -2.035 0.000 0.000227 0.002255 -53.421 0.00703
-1.971 9.149 -0.079 2.807 4.596 0.000522 0.005948 34.185 0.85781
2.160 -5.661 -0.669 -2.054 2.483 0.000352 0.003558 -37.743 -0.64362
7.224 1.279 0.926 7.437 0.479 0.000828 0.008255 73.881 -0.02635
0.000 -4.358 -0.944 -3.534 1.715 0.000393 0.004351 -63.208 -0.15488
0.000 0.000 0.000 0.000 0.000 0.000000 0.000000 -0.370 -0.00290
0.000 -6.011 -0.711 -4.609 2.557 0.000513 0.005837 -69.179 -0.19749
0.000 1.031 -0.724 0.790 0.438 0.000088 0.001001 25.945 0.09259
9.630 -3.756 0.457 8.670 1.647 0.000965 0.009775 75.834 -0.09248
-2.410 -2.809 -0.716 -4.563 1.195 0.000508 0.005224 -70.022 -0.05547
0.000 9.629 0.957 1.605 3.608 0.000179 0.004372 33.395 0.59742
0.000 -4.077 0.062 -1.857 2.042 0.000207 0.003056 -45.379 -0.38971
0.000 -6.186 0.216 -2.268 2.998 0.000253 0.004163 -48.350 -0.53832
1.552 -6.092 -0.594 -2.915 2.709 0.000417 0.004399 -51.090 -0.66587
-9.187 0.000 -0.503 -9.187 0.000 0.001023 0.010177 -74.611 0.03140
-4.024 -4.801 0.279 -5.465 2.213 0.000608 0.006530 -72.101 -0.12168
0.000 -3.407 0.442 -0.871 1.495 0.000097 0.001915 -28.812 -0.37392
-7.203 9.456 0.322 -4.577 4.259 0.000649 0.006912 -54.294 0.96035
0.000 0.000 0.000 0.000 0.000 0.000000 0.000000 0.243 -0.00287
5.012 -9.532 -0.739 -2.296 4.054 0.000516 0.005139 -19.856 -0.78703
-4.343 0.000 0.186 -4.343 0.000 0.000484 0.004811 -68.965 0.03314
-7.054 0.000 -0.693 -7.054 0.000 0.000785 0.007814 -73.840 0.03907
4.614 0.000 0.862 4.614 0.000 0.000514 0.005111 65.557 -0.03956
0.000 -2.928 0.541 -0.683 1.246 0.000076 0.001573 -23.156 -0.33613
4.950 0.000 0.874 4.950 0.000 0.000551 0.005483 66.495 -0.03422
7.372 0.000 -0.437 7.372 0.000 0.000821 0.008166 72.124 -0.03746
0.080 -7.189 0.925 -1.118 2.694 0.000139 0.003229 -29.500 -0.56758
0.000 0.000 0.000 0.000 0.000 0.000000 0.000000 0.339 0.00178
7.544 -2.211 0.398 6.954 0.983 0.000774 0.007779 72.395 -0.09046
0.000 -6.858 0.254 -2.210 3.223 0.000246 0.004327 -47.943 -0.57301
0.000 3.877 0.946 0.646 1.453 0.000072 0.001761 20.733 0.35456
0.000 8.843 0.825 1.572 3.400 0.000175 0.004147 33.504 0.55418
4.897 0.000 -0.688 4.897 0.000 0.000545 0.005424 66.564 -0.03761
0.000 2.438 -0.057 1.246 1.226 0.000139 0.001936 33.324 0.24392
0.000 -2.285 -0.708 -1.726 0.987 0.000192 0.002203 -48.793 -0.18071
-7.171 0.106 -0.098 -7.114 0.053 0.000792 0.007880 -73.525 0.04434
0.000 -1.161 -0.128 -0.645 0.580 0.000072 0.000961 -23.958 -0.17322
1.906 0.686 0.157 2.173 0.336 0.000242 0.002436 49.739 0.05252
-5.725 -5.319 0.603 -6.907 2.224 0.000769 0.008037 -73.757 -0.05352
-7.926 0.000 0.016 -7.926 0.000 0.000882 0.008779 -74.277 0.03728
0.000 6.097 0.539 1.423 2.593 0.000158 0.003275 34.567 0.47080
0.000 0.000 0.000 0.000 0.000 0.000000 0.000000 0.383 -0.00587
0.000 0.000 0.000 0.000 0.000 0.000000 0.000000 0.097 0.00198
5.655 0.000 0.663 5.655 0.000 0.000629 0.006264 69.379 -0.03690
5.636 -0.970 -0.907 4.870 0.398 0.000542 0.005413 66.655 -0.05623
9.315 0.000 0.782 9.315 0.000 0.001037 0.010318 75.120 -0.03421
0.000 0.000 0.000 0.000 0.000 0.000000 0.000000 0.311 -0.00305
0.000 0.000 0.000 0.000 0.000 0.000000 0.000000 0.744 -0.00663
4.872 0.000 0.556 4.872 0.000 0.000542 0.005397 66.388 -0.03867
2.726 6.156 -0.632 7.309 2.700 0.000814 0.008630 73.445 0.09317
7.578 0.035 -0.059 7.596 0.018 0.000846 0.008414 73.873 -0.04327
-3.781 0.000 0.936 -3.781 0.000 0.000421 0.004189 -67.304 0.03495
0.000 1.370 0.995 0.228 0.513 0.000025 0.000622 9.328 0.14888
0.000 7.950 -0.644 5.919 3.487 0.000659 0.007608 68.849 0.18964
0.000 -7.273 -0.642 -5.414 3.190 0.000603 0.006960 -70.974 -0.21399
-4.427 0.000 0.044 -4.427 0.000 0.000493 0.004904 -68.298 0.05355
0.000 0.000 0.000 0.000 0.000 0.000000 0.000000 -0.704 -0.00901
-2.627 2.874 0.521 -1.925 1.242 0.000228 0.002536 -50.698 0.28251
-1.330 -9.449 -0.617 -8.259 4.202 0.000919 0.010263 -74.090 -0.16813
-2.284 0.000 -0.095 -2.284 0.000 0.000254 0.002530 -58.064 0.00705
0.000 5.270 0.100 2.401 2.639 0.000267 0.003950 48.052 0.39841
0.000 1.068 -0.502 0.736 0.497 0.000082 0.000983 24.189 0.12260
-5.914 0.000 -0.394 -5.914 0.000 0.000658 0.006551 -72.466 0.03792
9.329 -1.500 0.990 9.079 0.562 0.001011 0.010076 75.479 -0.03974
0.000 -4.331 0.911 -0.722 1.623 0.000080 0.001967 -23.973 -0.40874
0.000 0.000 0.000 0.000 0.000 0.000000 0.000000 -1.126 0.00001
8.334 5.916 0.008 11.226 2.974 0.001250 0.012863 78.118 0.04659
-0.863 0.000 -0.739 -0.863 0.000 0.000096 0.000956 -29.334 0.00325
-4.154 6.442 -0.890 0.928 2.644 0.000299 0.003089 14.443 0.53255
0.000 -8.273 -0.134 -4.596 4.134 0.000512 0.006846 -67.200 -0.44888
-8.289 -7.462 -0.347 -13.015 3.616 0.001449 0.014962 -76.263 -0.04129
0.000 -0.976 0.562 -0.228 0.415 0.000025 0.000524 -8.639 -0.13319
0.000 0.000 0.000 0.000 0.000 0.000000 0.000000 0.129 -0.00133
0.000 0.000 0.000 0.000 0.000 0.000000 0.000000 0.028 -0.00310
0.000 -3.189 -0.908 -2.516 1.309 0.000280 0.003141 -57.657 -0.19302
-1.884 0.000 -0.088 -1.884 0.000 0.000210 0.002087 -51.263 0.00595
3.308 9.795 -0.944 11.253 3.855 0.001253 0.013176 76.804 0.07258
0.000 0.000 0.000 0.000 0.000 0.000000 0.000000 0.371 0.00333
8.394 -0.868 -0.843 7.709 0.356 0.000858 0.008548 73.854 -0.05003
0.000 0.000 0.000 0.000 0.000 0.000000 0.000000 0.123 0.00685
-2.123 0.000 -0.770 -2.123 0.000 0.000236 0.002352 -52.876 0.01399
2.394 0.000 -0.516 2.394 0.000 0.000266 0.002652 52.633 0.00366
8.869 0.000 -0.566 8.869 0.000 0.000987 0.009824 76.643 -0.03823
1.071 2.399 0.223 1.951 1.162 0.000217 0.002515 44.212 0.19500
-8.795 0.000 0.747 -8.795 0.000 0.000979 0.009742 -74.827 0.03248
-7.357 0.000 0.422 -7.357 0.000 0.000819 0.008149 -74.032 0.04502
0.000 6.720 0.577 1.493 2.809 0.000166 0.003523 35.184 0.49460
0.000 -9.312 -0.959 -7.657 3.580 0.000852 0.009362 -73.504 -0.15492
0.000 0.000 0.000 0.000 0.000 0.000000 0.000000 0.160 0.01265
0.000 0.000 0.000 0.000 0.000 0.000000 0.000000 -1.330 -0.00058
-6.316 9.620 -0.541 0.632 4.333 0.000461 0.004826 5.290 0.63915
3.018 1.795 -0.062 3.936 0.903 0.000438 0.004473 64.123 0.08150
-2.158 6.113 -0.326 1.713 2.962 0.000367 0.003776 29.599 0.67873
0.000 -5.516 -0.670 -4.107 2.420 0.000457 0.005279 -66.918 -0.20292
0.000 0.000 0.000 0.000 0.000 0.000000 0.000000 0.004 0.00350
8.150 3.474 -0.258 10.234 1.711 0.001139 0.011493 78.125 0.02793
-3.879 -1.436 0.184 -4.405 0.696 0.000490 0.004940 -69.332 -0.03359
0.000 -1.273 -0.701 -0.962 0.550 0.000107 0.001227 -31.950 -0.13242
-6.881 0.000 0.203 -6.881 0.000 0.000766 0.007622 -73.318 0.03619
0.000 -7.295 0.539 -1.702 3.103 0.000189 0.003918 -40.954 -0.56969
0.000 0.000 0.000 0.000 0.000 0.000000 0.000000 0.544 0.00309
7.424 0.000 -0.230 7.424 0.000 0.000826 0.008224 73.823 -0.05289
-1.212 4.595 0.326 0.065 2.070 0.000202 0.002283 3.846 0.52236
0.000 0.000 0.000 0.000 0.000 0.000000 0.000000 0.008 -0.00522
0.000 0.000 0.000 0.000 0.000 0.000000 0.000000 0.078 0.00399
-1.066 -5.749 -0.525 -5.154 2.620 0.000574 0.006403 -70.254 -0.20739
0.000 0.000 0.000 0.000 0.000 0.000000 0.000000 -0.179 0.00500
4.990 7.195 -0.717 10.507 3.060 0.001170 0.012121 77.485 0.06227
-1.607 0.000 0.851 -1.607 0.000 0.000179 0.001780 -47.345 -0.00104
0.000 0.000 0.000 0.000 0.000 0.000000 0.000000 1.010 -0.00323
0.000 0.000 0.000 0.000 0.000 0.000000 0.000000 0.416 0.00948
0.608 8.013 -0.076 4.793 4.025 0.000534 0.006931 63.676 0.34972
4.028 7.312 -0.388 8.821 3.494 0.000982 0.010509 76.681 0.12008
3.152 0.000 -0.701 3.152 0.000 0.000351 0.003491 58.952 -0.00978
8.404 0.000 -0.831 8.404 0.000 0.000936 0.009309 75.370 -0.02619
-5.245 -3.642 0.578 -6.054 1.523 0.000674 0.006914 -73.081 -0.03367
-2.010 2.028 0.798 -1.649 0.780 0.000184 0.002021 -46.217 0.14021
-5.141 0.000 0.101 -5.141 0.000 0.000572 0.005694 -70.439 0.05269
0.000 5.277 0.559 1.231 2.244 0.000137 0.002834 31.507 0.43950
0.000 0.000 0.000 0.000 0.000 0.000000 0.000000 0.467 0.00227
0.000 0.000 0.000 0.000 0.000 0.000000 0.000000 -0.099 0.00119
-1.411 6.057 -0.866 3.367 2.486 0.000441 0.004629 55.574 0.43244
-9.282 0.000 -0.559 -9.282 0.000 0.001033 0.010282 -75.381 0.04105
0.000 1.829 0.813 0.325 0.703 0.000036 0.000858 12.620 0.19990
0.000 9.876 0.655 2.085 4.053 0.000232 0.005046 41.478 0.61923
0.000 -1.339 0.620 -0.298 0.560 0.000033 0.000702 -11.395 -0.17502
0.000 0.000 0.000 0.000 0.000 0.000000 0.000000 -0.430 0.00234
4.164 3.025 -0.167 5.844 1.512 0.000651 0.006686 69.977 0.06835
-1.617 0.000 -0.346 -1.617 0.000 0.000180 0.001791 -46.005 0.00451
0.000 -5.034 0.234 -1.790 2.423 0.000199 0.003336 -44.097 -0.48896
-7.115 -1.882 0.228 -7.785 0.906 0.000867 0.008681 -74.100 -0.01030
7.706 0.000 0.682 7.706 0.000 0.000858 0.008536 74.340 -0.05132
0.000 4.257 0.451 1.088 1.867 0.000121 0.002393 28.975 0.38043
9.502 -1.989 -0.522 8.088 0.906 0.000900 0.009015 75.265 -0.07739
1.226 0.000 -0.322 1.226 0.000 0.000136 0.001358 33.760 -0.00855
0.000 0.000 0.000 0.000 0.000 0.000000 0.000000 0.543 -0.00223
-5.771 0.000 0.465 -5.771 0.000 0.000642 0.006392 -71.934 0.03877
0.000 0.000 0.000 0.000 0.000 0.000000 0.000000 -0.741 0.00166
0.000 -2.394 -0.407 -1.569 1.144 0.000175 0.002151 -44.679 -0.23244
-4.126 -7.701 0.854 -5.410 2.886 0.000602 0.006791 -71.449 -0.07094
0.000 2.919 -0.249 1.719 1.444 0.000191 0.002487 40.445 0.24980
0.000 0.000 0.000 0.000 0.000 0.000000 0.000000 0.605 -0.01019
3.473 0.000 0.730 3.473 0.000 0.000387 0.003847 62.179 0.00828
0.000 0.000 0.000 0.000 0.000 0.000000 0.000000 -0.400 -0.00511
3.092 0.000 -0.194 3.092 0.000 0.000344 0.003425 58.837 -0.01961
0.000 -7.581 0.776 -1.432 2.984 0.000159 0.003664 -35.217 -0.57288
0.000 5.507 -0.529 3.916 2.510 0.000436 0.005152 61.511 0.27016
7.941 -2.490 -0.404 6.308 1.190 0.000702 0.007111 70.330 -0.10319
0.000 -8.605 -0.979 -7.075 3.308 0.000788 0.008651 -73.319 -0.16226
0.000 0.000 0.000 0.000 0.000 0.000000 0.000000 0.643 0.00264
0.000 0.000 0.000 0.000 0.000 0.000000 0.000000 -0.204 -0.00049
0.000 6.779 0.586 1.507 2.834 0.000168 0.003554 35.044 0.49292
-3.602 0.000 -0.019 -3.602 0.000 0.000401 0.003990 -66.734 0.03779
0.000 -6.207 -0.875 -4.897 2.547 0.000545 0.006113 -70.124 -0.18963
0.000 -1.450 0.924 -0.242 0.544 0.000027 0.000659 -9.376 -0.15761
3.467 0.000 0.466 3.467 0.000 0.000386 0.003840 61.027 -0.01476
0.000 2.020 -0.348 1.302 0.972 0.000145 0.001799 34.092 0.18326
2.930 3.047 0.470 3.709 1.336 0.000413 0.004367 62.836 0.12424
0.000 0.000 0.000 0.000 0.000 0.000000 0.000000 -0.944 0.00094
0.000 2.764 0.668 0.583 1.134 0.000065 0.001412 19.724 0.29389
0.000 0.000 0.000 0.000 0.000 0.000000 0.000000 -0.150 -0.00461
-5.182 7.900 -0.813 1.050 3.242 0.000360 0.003757 11.815 0.59299
0.000 -7.754 -0.086 -4.136 3.890 0.000460 0.006288 -64.578 -0.43996
7.338 0.000 0.932 7.338 0.000 0.000817 0.008128 72.860 -0.03178
0.000 0.081 0.889 0.014 0.031 0.000002 0.000037 1.284 0.01141
3.170 2.397 -0.596 4.928 1.066 0.000549 0.005585 66.619 0.05797
-4.730 -8.104 -0.187 -9.323 4.038 0.001038 0.011253 -74.498 -0.09664
0.000 -0.680 0.337 -0.189 0.306 0.000021 0.000399 -7.050 -0.10049
0.196 -7.151 -0.792 -5.445 2.935 0.000615 0.006850 -70.118 -0.25768
-5.479 0.000 0.279 -5.479 0.000 0.000610 0.006069 -71.762 0.05754
0.000 6.419 -0.287 3.994 3.130 0.000445 0.005620 62.518 0.33776
0.000 0.150 0.187 0.055 0.073 0.000006 0.000101 1.989 0.02076
5.667 0.000 -0.834 5.667 0.000 0.000631 0.006277 67.846 -0.04491
0.000 0.000 0.000 0.000 0.000 0.000000 0.000000 0.307 0.00322
0.000 0.000 0.000 0.000 0.000 0.000000 0.000000 -0.638 0.00048
0.000 -3.707 0.832 -0.659 1.425 0.000073 0.001739 -22.630 -0.36102
0.000 0.000 0.000 0.000 0.000 0.000000 0.000000 0.991 -0.00253
0.000 0.000 0.000 0.000 0.000 0.000000 0.000000 -1.274 0.00011
-1.422 -3.566 -0.499 -3.879 1.660 0.000432 0.004673 -65.325 -0.13821
8.525 0.000 -0.149 8.525 0.000 0.000949 0.009443 74.618 -0.03925
0.000 0.000 0.000 0.000 0.000 0.000000 0.000000 -0.688 -0.00029
0.000 -2.753 0.051 -1.285 1.381 0.000143 0.002089 -38.462 -0.33546
0.000 2.174 0.887 0.362 0.815 0.000040 0.000987 13.295 0.23222
0.242 -5.993 -0.178 -3.154 2.986 0.000374 0.004808 -57.689 -0.48357
5.674 0.000 0.854 5.674 0.000 0.000632 0.006286 69.335 -0.05828
0.649 2.759 0.564 1.293 1.174 0.000144 0.001934 34.672 0.21262
-5.361 -3.001 -0.342 -7.262 1.454 0.000808 0.008204 -74.271 -0.04647
0.000 3.704 -0.025 1.852 1.862 0.000206 0.002909 42.473 0.31903
3.406 0.000 -0.659 3.406 0.000 0.000379 0.003773 61.319 -0.00248
0.000 5.867 0.535 1.369 2.495 0.000152 0.003151 33.309 0.46364
-5.013 0.000 0.544 -5.013 0.000 0.000558 0.005553 -70.447 0.03738
0.000 0.000 0.000 0.000 0.000 0.000000 0.000000 -0.545 -0.00362
-2.362 4.776 0.819 -1.513 1.836 0.000264 0.002627 -32.141 0.57320
0.000 0.000 0.000 0.000 0.000 0.000000 0.000000 0.042 -0.00092
0.000 -7.886 0.528 -1.928 3.408 0.000215 0.004335 -43.985 -0.59928
-7.159 5.844 0.651 -5.925 2.398 0.000660 0.007080 -72.691 0.19447
0.000 -6.722 0.319 -1.867 3.028 0.000208 0.003939 -44.695 -0.56787
0.000 0.000 0.000 0.000 0.000 0.000000 0.000000 -0.108 -0.00294
1.160 1.756 -0.380 2.311 0.839 0.000257 0.002723 50.550 0.13309
0.000 0.000 0.000 0.000 0.000 0.000000 0.000000 -1.181 -0.00572
1.192 0.000 -0.196 1.192 0.000 0.000133 0.001320 33.267 -0.01087
-0.230 2.753 0.620 0.382 1.151 0.000082 0.001341 13.263 0.30910
7.970 1.508 0.805 8.238 0.580 0.000917 0.009148 74.768 -0.02305
0.000 0.000 0.000 0.000 0.000 0.000000 0.000000 -0.438 -0.00278
0.000 6.579 0.845 1.097 2.466 0.000122 0.002988 27.739 0.48449
-7.577 0.000 0.883 -7.577 0.000 0.000843 0.008393 -74.123 0.04327
5.857 0.000 -0.986 5.857 0.000 0.000652 0.006488 70.285 -0.04757
0.000 2.074 -0.741 1.590 0.882 0.000177 0.002014 39.934 0.14708
0.000 -2.851 0.938 -0.475 1.068 0.000053 0.001295 -17.361 -0.29530
0.000 -7.215 0.075 -3.287 3.613 0.000366 0.005409 -58.332 -0.47665
0.000 0.000 0.000 0.000 0.000 0.000000 0.000000 -0.273 -0.00208
0.000 0.000 0.000 0.000 0.000 0.000000 0.000000 -0.529 0.00053
7.042 0.000 0.491 7.042 0.000 0.000784 0.007800 72.445 -0.04419
0.000 3.761 0.549 0.878 1.600 0.000098 0.002020 25.554 0.35422
0.000 0.000 0.000 0.000 0.000 0.000000 0.000000 -1.120 0.00334
-7.504 0.000 0.623 -7.504 0.000 0.000835 0.008312 -74.363 0.03889
2.882 0.000 0.582 2.882 0.000 0.000321 0.003192 57.450 -0.01364
-7.448 0.000 -0.331 -7.448 0.000 0.000829 0.008250 -74.192 0.03586
-8.985 0.000 0.332 -8.985 0.000 0.001000 0.009952 -75.293 0.04813
-7.112 0.000 -0.138 -7.112 0.000 0.000792 0.007878 -73.670 0.04083
0.000 8.190 0.947 1.365 3.069 0.000152 0.003719 30.754 0.54881
-0.135 0.000 0.905 -0.135 0.000 0.000015 0.000149 -5.530 0.00036
-5.310 0.000 -0.948 -5.310 0.000 0.000591 0.005882 -70.906 0.03038
9.870 8.541 0.476 12.052 3.746 0.001342 0.013980 78.342 0.03128
4.286 0.000 -0.031 4.286 0.000 0.000477 0.004747 65.853 -0.02567
0.000 0.000 0.000 0.000 0.000 0.000000 0.000000 -0.052 0.00725
0.000 0.813 -0.835 0.641 0.334 0.000071 0.000801 22.116 0.07681
0.000 -4.871 0.168 -1.840 2.375 0.000205 0.003327 -45.598 -0.48184
-5.507 0.000 0.006 -5.507 0.000 0.000613 0.006100 -72.067 0.04739
1.478 -0.732 -0.044 1.113 0.368 0.000124 0.001298 32.120 -0.08795
4.587 8.124 -0.936 11.176 3.198 0.001244 0.012875 78.788 0.06178
0.000 6.484 0.194 2.378 3.142 0.000265 0.004363 45.337 0.50140
9.631 0.000 0.737 9.631 0.000 0.001072 0.010668 76.279 -0.02474
-6.338 -7.817 0.904 -7.641 2.929 0.000851 0.009064 -74.188 -0.02012
0.000 0.000 0.000 0.000 0.000 0.000000 0.000000 -0.069 -0.00359
8.187 0.000 0.023 8.187 0.000 0.000911 0.009068 74.954 -0.04061
0.000 0.000 0.000 0.000 0.000 0.000000 0.000000 -0.151 -0.00994
-9.730 1.341 -0.953 -8.627 0.516 0.000960 0.009573 -75.065 0.04929
0.000 0.000 0.000 0.000 0.000 0.000000 0.000000 0.081 0.00210
9.243 7.724 0.947 10.530 2.895 0.001172 0.012096 76.471 0.01610
5.992 -8.187 -0.312 0.807 3.967 0.000399 0.004465 11.709 -0.69484
-8.377 0.000 0.660 -8.377 0.000 0.000933 0.009279 -75.225 0.03115
-9.643 0.000 -0.885 -9.643 0.000 0.001074 0.010682 -75.858 0.02738
0.000 -8.979 0.290 -2.594 4.093 0.000289 0.005365 -49.541 -0.61657
0.000 3.593 0.180 1.317 1.741 0.000147 0.002418 33.169 0.35272
0.000 -0.945 -0.431 -0.640 0.444 0.000071 0.000863 -23.274 -0.11984
0.000 0.000 0.000 0.000 0.000 0.000000 0.000000 0.329 -0.00421
0.000 -8.186 -0.074 -4.275 4.112 0.000476 0.006568 -65.305 -0.46930
9.786 -1.978 0.708 9.390 0.795 0.001045 0.010439 77.075 -0.06923
-6.477 0.000 -0.822 -6.477 0.000 0.000721 0.007174 -73.324 0.02603
4.291 0.000 -0.289 4.291 0.000 0.000478 0.004753 65.628 -0.01612
0.000 0.000 0.000 0.000 0.000 0.000000 0.000000 -0.289 -0.00394
-7.073 -9.100 -0.852 -14.252 3.734 0.001587 0.016319 -77.126 -0.02356
3.034 0.000 0.675 3.034 0.000 0.000338 0.003360 58.772 -0.01323
0.000 0.000 0.000 0.000 0.000 0.000000 0.000000 -0.200 -0.00362
0.000 0.000 0.000 0.000 0.000 0.000000 0.000000 -0.143 0.00316
1.695 1.358 -0.950 2.812 0.522 0.000313 0.003168 55.882 0.05469
0.000 -8.289 -0.091 -4.513 4.151 0.000502 0.006791 -64.997 -0.41927
0.000 0.000 0.000 0.000 0.000 0.000000 0.000000 0.406 0.00277
0.000 0.000 0.000 0.000 0.000 0.000000 0.000000 -0.411 -0.00478
-8.396 -9.376 -0.802 -15.793 3.848 0.001758 0.018005 -76.986 -0.00849
0.000 0.000 0.000 0.000 0.000 0.000000 0.000000 0.129 -0.00465
0.000 -6.235 -0.336 -3.949 3.021 0.000440 0.005506 -65.323 -0.32142
0.000 -9.665 -0.730 -7.410 4.111 0.000825 0.009385 -73.383 -0.19410
0.000 8.283 0.343 2.301 3.731 0.000256 0.004853 43.192 0.55049
-7.949 0.000 0.472 -7.949 0.000 0.000885 0.008806 -74.969 0.04672
0.000 0.378 0.345 0.105 0.170 0.000012 0.000221 4.462 0.05011
0.000 0.000 0.000 0.000 0.000 0.000000 0.000000 0.564 -0.00341
-4.669 0.000 -0.609 -4.669 0.000 0.000520 0.005172 -70.268 0.04354
6.453 0.000 -0.820 6.453 0.000 0.000718 0.007148 71.126 -0.05066
-7.559 0.000 -0.045 -7.559 0.000 0.000841 0.008373 -74.815 0.03503
6.051 9.561 -0.575 13.062 4.252 0.001454 0.015215 79.357 0.07324
0.000 -6.175 -0.738 -4.734 2.626 0.000527 0.005996 -69.331 -0.19537
0.000 9.233 0.936 1.539 3.460 0.000171 0.004193 33.428 0.58904
-3.694 -2.439 -0.901 -5.618 1.001 0.000625 0.006321 -71.859 -0.02401
5.230 0.000 0.606 5.230 0.000 0.000582 0.005793 69.134 -0.04150
1.125 0.000 -0.423 1.125 0.000 0.000125 0.001246 31.895 -0.00758
0.000 0.000 0.000 0.000 0.000 0.000000 0.000000 -0.462 0.00709
-2.635 0.000 -0.376 -2.635 0.000 0.000293 0.002919 -59.636 0.01178
9.143 0.000 -0.419 9.143 0.000 0.001018 0.010127 76.732 -0.02643
0.000 5.876 -0.339 3.721 2.847 0.000414 0.005189 60.249 0.31184
0.000 0.000 0.000 0.000 0.000 0.000000 0.000000 0.957 -0.00375
0.662 -4.062 0.169 -0.873 1.980 0.000189 0.002391 -21.669 -0.53346
-5.357 0.000 0.671 -5.357 0.000 0.000596 0.005934 -71.278 0.05098
0.000 0.000 0.000 0.000 0.000 0.000000 0.000000 0.756 -0.00224
-3.383 0.000 0.305 -3.383 0.000 0.000377 0.003748 -65.030 0.01881
1.080 0.000 0.098 1.080 0.000 0.000120 0.001196 31.185 -0.01151
4.686 0.000 -0.649 4.686 0.000 0.000522 0.005190 66.451 -0.02550
0.000 0.000 0.000 0.000 0.000 0.000000 0.000000 0.143 0.00031
6.922 2.650 -0.943 9.071 1.043 0.001010 0.010114 76.864 0.00185
0.000 0.000 0.000 0.000 0.000 0.000000 0.000000 0.522 -0.00123
-8.432 0.000 0.555 -8.432 0.000 0.000939 0.009340 -75.062 0.03659
-8.644 0.000 0.633 -8.644 0.000 0.000962 0.009575 -75.088 0.03681
-2.624 0.000 0.997 -2.624 0.000 0.000292 0.002906 -59.179 0.01495
0.000 -1.907 0.091 -0.869 0.955 0.000097 0.001429 -28.164 -0.25541
-5.456 2.101 -0.468 -4.009 0.978 0.000446 0.004570 -67.327 0.12490
1.555 0.000 -0.407 1.555 0.000 0.000173 0.001723 38.910 -0.00297
0.000 8.731 0.736 1.649 3.437 0.000184 0.004221 33.524 0.54722
8.222 0.000 0.106 8.222 0.000 0.000915 0.009107 74.349 -0.03299
6.318 0.000 -0.993 6.318 0.000 0.000703 0.006999 68.874 -0.06134
0.000 0.000 0.000 0.000 0.000 0.000000 0.000000 1.017 -0.01051
-7.166 0.000 -0.115 -7.166 0.000 0.000798 0.007938 -73.541 0.04964
3.222 0.000 -0.117 3.222 0.000 0.000359 0.003569 59.680 -0.00429
4.396 0.000 -0.222 4.396 0.000 0.000489 0.004869 65.205 -0.02492
0.000 -8.188 -0.952 -6.732 3.148 0.000749 0.008231 -72.865 -0.16523
-0.308 0.000 0.806 -0.308 0.000 0.000034 0.000342 -13.511 0.00950
0.000 0.000 0.000 0.000 0.000 0.000000 0.000000 0.568 -0.00355
6.253 0.000 0.089 6.253 0.000 0.000696 0.006926 72.406 -0.03786
0.000 -9.814 -0.131 -5.452 4.904 0.000607 0.008121 -69.478 -0.45552
0.000 -8.331 -0.881 -6.572 3.419 0.000732 0.008205 -72.576 -0.19128
6.534 -1.561 0.125 5.910 0.769 0.000658 0.006601 69.138 -0.07615
0.000 0.000 0.000 0.000 0.000 0.000000 0.000000 -0.346 -0.00017
0.000 0.000 0.000 0.000 0.000 0.000000 0.000000 0.597 -0.00497
7.801 0.000 -0.384 7.801 0.000 0.000868 0.008642 75.031 -0.04484
0.000 0.000 0.000 0.000 0.000 0.000000 0.000000 -0.424 -0.00360
0.000 9.109 0.552 2.126 3.874 0.000237 0.004893 41.412 0.57138
0.000 0.000 0.000 0.000 0.000 0.000000 0.000000 0.291 -0.00206
3.031 -4.842 0.133 1.148 2.374 0.000285 0.002908 23.253 -0.55311
0.000 -8.092 -0.641 -6.024 3.549 0.000671 0.007744 -72.143 -0.21270
0.000 8.852 -0.513 6.197 4.079 0.000690 0.008216 70.800 0.30177
9.769 0.000 0.317 9.769 0.000 0.001088 0.010821 77.353 -0.04044
-1.794 -6.787 0.616 -3.303 2.837 0.000368 0.004822 -62.112 -0.26814
-4.531 0.000 0.219 -4.531 0.000 0.000504 0.005019 -69.548 0.04343
2.557 0.000 0.109 2.557 0.000 0.000285 0.002832 53.502 -0.00976
5.510 -5.082 0.467 4.211 2.229 0.000469 0.005277 63.735 -0.22373
0.000 -3.224 -0.498 -2.221 1.501 0.000247 0.002969 -54.308 -0.26672
7.382 -9.606 -0.509 0.657 4.427 0.000420 0.004937 10.562 -0.76779
5.403 0.923 -0.119 5.916 0.461 0.000659 0.006573 70.513 -0.00902
0.000 0.000 0.000 0.000 0.000 0.000000 0.000000 -0.507 0.00112
-6.428 0.000 -0.958 -6.428 0.000 0.000716 0.007120 -72.747 0.04021
-7.825 0.000 0.115 -7.825 0.000 0.000871 0.008668 -74.681 0.02561
0.000 0.000 0.000 0.000 0.000 0.000000 0.000000 -0.169 0.00547
1.806 1.291 -0.152 2.523 0.645 0.000281 0.002885 53.115 0.09463
0.000 0.000 0.000 0.000 0.000 0.000000 0.000000 -0.627 0.00150
0.000 9.062 0.642 1.913 3.719 0.000213 0.004630 39.153 0.60408
-5.797 0.000 0.908 -5.797 0.000 0.000645 0.006421 -72.269 0.05673
0.000 0.000 0.000 0.000 0.000 0.000000 0.000000 0.072 -0.00039
0.000 -6.748 0.344 -1.874 3.039 0.000209 0.003954 -43.686 -0.55218
0.879 0.000 0.481 0.879 0.000 0.000098 0.000974 26.541 -0.00945
7.169 1.711 0.413 7.606 0.750 0.000847 0.008466 74.225 -0.01124
-1.440 0.000 -0.696 -1.440 0.000 0.000160 0.001595 -44.101 -0.00082
0.000 0.000 0.000 0.000 0.000 0.000000 0.000000 -0.537 0.00586
8.913 0.000 0.983 8.913 0.000 0.000992 0.009872 76.391 -0.01991
0.000 0.000 0.000 0.000 0.000 0.000000 0.000000 0.076 -0.00166
0.000 0.000 0.000 0.000 0.000 0.000000 0.000000 0.484 0.00221
7.241 0.000 0.293 7.241 0.000 0.000806 0.008021 72.309 -0.04859
-6.670 0.000 -0.352 -6.670 0.000 0.000743 0.007388 -73.991 0.04007
0.000 0.000 0.000 0.000 0.000 0.000000 0.000000 1.066 -0.00192
0.000 -0.778 -0.722 -0.597 0.331 0.000066 0.000756 -22.656 -0.09701
8.948 -0.384 -0.860 8.644 0.158 0.000962 0.009577 75.851 -0.03555
3.796 6.752 -0.020 7.097 3.394 0.000790 0.008713 71.651 0.11909
2.867 0.000 -0.079 2.867 0.000 0.000319 0.003176 56.426 -0.01608
-8.543 0.000 0.565 -8.543 0.000 0.000951 0.009463 -75.421 0.03822
0.000 -1.724 0.048 -0.805 0.865 0.000090 0.001308 -27.476 -0.24092
0.000 6.846 0.615 1.521 2.862 0.000169 0.003589 35.154 0.49473
2.107 0.000 0.191 2.107 0.000 0.000235 0.002334 47.879 0.00694
-4.373 0.000 -0.647 -4.373 0.000 0.000487 0.004844 -69.564 0.03791
0.000 4.932 0.081 2.247 2.470 0.000250 0.003698 46.126 0.38645
0.000 0.000 0.000 0.000 0.000 0.000000 0.000000 -0.205 -0.00044
0.000 0.000 0.000 0.000 0.000 0.000000 0.000000 0.041 0.00182
-1.111 -9.649 -0.593 -8.186 4.291 0.000911 0.010237 -74.589 -0.17674
-8.264 -4.235 0.402 -9.346 1.857 0.001040 0.010555 -75.051 -0.02769
0.000 0.000 0.000 0.000 0.000 0.000000 0.000000 0.027 -0.00095
0.000 0.000 0.000 0.000 0.000 0.000000 0.000000 -0.141 -0.00369
0.000 6.132 0.669 1.295 2.517 0.000144 0.003133 32.170 0.48948
0.000 -1.720 -0.073 -0.898 0.864 0.000100 0.001380 -29.870 -0.22177
7.418 3.128 -0.307 9.399 1.516 0.001046 0.010545 75.830 0.02755
-7.883 0.000 -0.657 -7.883 0.000 0.000878 0.008732 -74.419 0.03695
9.990 -0.080 0.541 9.971 0.034 0.001110 0.011045 76.710 -0.03272
1.533 8.941 -0.274 7.096 4.359 0.000790 0.009223 71.194 0.23921
-1.637 9.663 -0.861 5.986 3.965 0.000743 0.007945 65.665 0.51301
0.000 0.000 0.000 0.000 0.000 0.000000 0.000000 -0.175 -0.00361
-5.612 0.000 0.721 -5.612 0.000 0.000625 0.006216 -72.284 0.03370
0.000 0.000 0.000 0.000 0.000 0.000000 0.000000 -0.377 0.01059
0.000 0.000 0.000 0.000 0.000 0.000000 0.000000 0.148 0.00461
-6.576 -1.619 0.484 -6.990 0.710 0.000778 0.007782 -73.832 -0.00584
6.841 0.000 -0.429 6.841 0.000 0.000762 0.007577 73.125 -0.04356
0.000 4.300 0.440 1.099 1.886 0.000122 0.002417 29.292 0.38504
-7.943 5.502 -0.278 -4.520 2.683 0.000503 0.005821 -68.728 0.26921
0.000 7.720 0.257 2.488 3.628 0.000277 0.004871 45.662 0.53076
0.000 -0.327 0.641 -0.069 0.134 0.000008 0.000167 -2.891 -0.04050
0.000 3.157 0.563 0.737 1.343 0.000082 0.001695 22.705 0.31531
9.896 0.000 -0.612 9.896 0.000 0.001102 0.010961 77.584 -0.02667
0.000 0.000 0.000 0.000 0.000 0.000000 0.000000 -0.457 -0.00484
0.000 0.000 0.000 0.000 0.000 0.000000 0.000000 0.251 -0.01111
0.000 2.276 0.045 1.062 1.142 0.000118 0.001727 30.625 0.25377
0.000 7.164 -0.049 3.582 3.602 0.000399 0.005625 57.059 0.42237
-2.212 0.000 0.939 -2.212 0.000 0.000246 0.002450 -56.425 0.01808
1.682 -4.743 0.278 0.259 2.186 0.000233 0.002425 4.778 -0.51903
0.000 -1.344 -0.625 -1.000 0.589 0.000111 0.001286 -33.493 -0.14087
3.095 3.449 0.836 3.708 1.326 0.000413 0.004362 60.820 0.09323
-0.902 0.000 -0.635 -0.902 0.000 0.000100 0.001000 -31.417 0.01096
0.000 -4.439 -0.770 -3.404 1.888 0.000379 0.004311 -65.140 -0.21772
-4.138 0.992 0.555 -3.907 0.422 0.000435 0.004353 -67.189 0.05131
0.000 -1.575 0.434 -0.403 0.691 0.000045 0.000885 -15.777 -0.21322
-6.847 0.000 0.500 -6.847 0.000 0.000762 0.007584 -73.646 0.03555
0.000 0.000 0.000 0.000 0.000 0.000000 0.000000 0.630 -0.00287
0.000 0.000 0.000 0.000 0.000 0.000000 0.000000 0.169 0.00651
0.000 -1.258 -0.664 -0.937 0.552 0.000104 0.001204 -31.287 -0.13418
0.000 2.164 0.544 0.505 0.920 0.000056 0.001162 18.054 0.24335
0.000 -7.959 0.947 -1.326 2.983 0.000148 0.003614 -33.557 -0.58517
6.174 4.771 0.425 7.393 2.093 0.000823 0.008511 73.303 0.02806
0.000 0.000 0.000 0.000 0.000 0.000000 0.000000 0.218 -0.00686
-4.345 8.619 0.549 -2.334 3.666 0.000482 0.004795 -23.896 0.77157
-2.813 0.000 0.341 -2.813 0.000 0.000313 0.003115 -61.187 0.01206
0.000 2.024 0.802 0.360 0.778 0.000040 0.000949 13.519 0.22275
0.000 -8.602 0.273 -2.772 4.042 0.000309 0.005427 -51.788 -0.61839
0.000 0.000 0.000 0.000 0.000 0.000000 0.000000 0.336 -0.00171
0.000 0.608 0.013 0.284 0.305 0.000032 0.000461 10.411 0.09098
0.000 0.000 0.000 0.000 0.000 0.000000 0.000000 0.958 0.00448
0.000 5.720 -0.997 4.766 2.144 0.000531 0.005788 66.673 0.13398
0.000 0.000 0.000 0.000 0.000 0.000000 0.000000 0.403 0.00281
0.000 0.000 0.000 0.000 0.000 0.000000 0.000000 -0.113 -0.00378
0.000 0.000 0.000 0.000 0.000 0.000000 0.000000 -0.447 0.00298
0.000 -1.382 0.884 -0.230 0.518 0.000026 0.000628 -8.812 -0.15901
-9.668 0.000 0.498 -9.668 0.000 0.001076 0.010709 -74.773 0.03132
-0.238 -2.579 -0.677 -2.158 1.131 0.000240 0.002699 -54.600 -0.18287
-5.253 0.000 0.831 -5.253 0.000 0.000585 0.005818 -71.744 0.03276
0.000 0.000 0.000 0.000 0.000 0.000000 0.000000 0.242 -0.01033
0.000 0.000 0.000 0.000 0.000 0.000000 0.000000 -0.378 0.00357
9.911 0.000 0.754 9.911 0.000 0.001103 0.010979 77.219 -0.03079
0.000 -3.376 0.115 -1.463 1.682 0.000163 0.002469 -41.280 -0.37313
-4.725 9.015 -0.766 2.186 3.834 0.000489 0.004868 22.838 0.68904
0.000 0.000 0.000 0.000 0.000 0.000000 0.000000 -0.302 0.00144
4.624 9.492 -0.563 11.479 4.275 0.001278 0.013568 78.310 0.11624
8.866 -3.511 -0.921 6.058 1.412 0.000674 0.006890 70.240 -0.11090
0.000 -3.749 -0.770 -2.874 1.595 0.000320 0.003641 -60.649 -0.21180
-3.812 0.000 0.646 -3.812 0.000 0.000424 0.004223 -66.422 0.02549
0.000 0.000 0.000 0.000 0.000 0.000000 0.000000 0.469 0.00560
0.000 0.000 0.000 0.000 0.000 0.000000 0.000000 -0.360 -0.00012
0.000 6.267 0.381 1.741 2.823 0.000194 0.003672 38.199 0.49002
0.000 -4.529 -0.458 -3.120 2.109 0.000347 0.004171 -62.763 -0.26897
-2.039 0.965 0.843 -1.878 0.362 0.000209 0.002118 -50.643 0.06210
0.000 0.000 0.000 0.000 0.000 0.000000 0.000000 1.113 0.00031
0.000 0.000 0.000 0.000 0.000 0.000000 0.000000 0.268 0.00014
0.000 -6.849 -0.269 -4.261 3.339 0.000474 0.005996 -67.507 -0.36759
9.780 0.000 0.868 9.780 0.000 0.001089 0.010833 78.185 -0.03525
0.000 0.000 0.000 0.000 0.000 0.000000 0.000000 -0.623 -0.00350
-6.623 5.868 0.661 -5.384 2.408 0.000599 0.006532 -70.957 0.20532
-6.673 -7.485 -0.760 -12.412 3.184 0.001382 0.014193 -75.794 -0.01890
4.005 3.888 0.076 5.776 1.947 0.000643 0.006751 68.289 0.07126
-3.125 0.000 -0.735 -3.125 0.000 0.000348 0.003461 -63.211 0.01044
0.000 -3.603 0.681 -0.761 1.479 0.000085 0.001841 -25.117 -0.37530
3.020 0.000 0.773 3.020 0.000 0.000336 0.003345 58.456 -0.01130
0.000 0.000 0.000 0.000 0.000 0.000000 0.000000 0.041 -0.00002
8.625 3.407 0.692 9.344 1.398 0.001040 0.010465 75.653 0.00225
-3.410 0.000 -0.917 -3.410 0.000 0.000380 0.003777 -65.448 0.01555
6.751 0.000 0.827 6.751 0.000 0.000751 0.007478 71.910 -0.05051
0.000 0.000 0.000 0.000 0.000 0.000000 0.000000 0.130 -0.01202
-0.127 0.000 0.941 -0.127 0.000 0.000014 0.000141 -5.650 0.00104
0.000 7.851 0.368 2.181 3.536 0.000243 0.004600 43.189 0.53797
3.312 0.000 0.805 3.312 0.000 0.000369 0.003669 60.401 -0.00471
9.968 0.000 0.556 9.968 0.000 0.001110 0.011041 77.499 -0.03119
0.000 4.206 -0.327 2.664 2.038 0.000297 0.003714 52.873 0.28311
0.000 -4.646 -0.862 -3.665 1.907 0.000408 0.004576 -64.951 -0.20582
3.750 1.768 -0.209 4.772 0.878 0.000531 0.005375 67.180 0.04261
0.000 0.000 0.000 0.000 0.000 0.000000 0.000000 -0.123 -0.00294
-3.019 0.000 -0.386 -3.019 0.000 0.000336 0.003344 -63.405 0.01016
-7.266 -2.236 0.341 -7.887 1.007 0.000878 0.008808 -74.131 0.00549
0.471 0.683 -0.826 1.010 0.280 0.000112 0.001161 29.561 0.04768
0.000 -4.875 -0.582 -3.575 2.168 0.000398 0.004630 -64.149 -0.24481
0.000 0.000 0.000 0.000 0.000 0.000000 0.000000 0.031 0.00130
0.000 9.396 0.736 1.775 3.698 0.000198 0.004542 35.197 0.56351
0.000 0.000 0.000 0.000 0.000 0.000000 0.000000 0.565 0.01145
0.000 0.000 0.000 0.000 0.000 0.000000 0.000000 -0.668 0.00276
2.214 -1.162 0.316 1.891 0.523 0.000211 0.002174 44.637 -0.08314
4.377 7.387 0.162 7.250 3.621 0.000807 0.008976 71.447 0.12118
-0.806 -7.650 -0.733 -6.671 3.254 0.000743 0.008220 -72.499 -0.14896
-6.795 7.410 -0.656 -1.279 3.250 0.000244 0.003862 -27.542 0.70229
0.000 0.000 0.000 0.000 0.000 0.000000 0.000000 -0.128 0.00374
0.000 -2.935 -0.457 -2.022 1.367 0.000225 0.002703 -50.537 -0.25067
0.000 2.425 0.543 0.566 1.031 0.000063 0.001302 19.287 0.26362
0.000 -4.211 0.280 -1.263 1.940 0.000141 0.002564 -35.328 -0.42675
8.106 6.475 0.023 11.128 3.248 0.001239 0.012840 76.885 0.06605
7.576 0.000 0.589 7.576 0.000 0.000843 0.008391 73.285 -0.03307
-4.039 0.000 -0.158 -4.039 0.000 0.000450 0.004474 -67.625 0.04669
0.000 0.000 0.000 0.000 0.000 0.000000 0.000000 -0.111 -0.00036
3.711 -7.876 0.485 1.698 3.455 0.000426 0.004245 21.712 -0.63571
0.000 0.000 0.000 0.000 0.000 0.000000 0.000000 -0.148 0.00098
1.219 0.000 -0.333 1.219 0.000 0.000136 0.001351 33.922 -0.01538
0.000 -6.596 -1.000 -5.496 2.472 0.000612 0.006675 -70.874 -0.15792
0.000 5.689 0.736 1.075 2.239 0.000120 0.002750 27.789 0.45468
0.000 0.000 0.000 0.000 0.000 0.000000 0.000000 0.605 -0.00886
4.194 6.013 0.075 6.933 3.012 0.000772 0.008372 70.871 0.12219
0.000 5.279 -0.802 4.164 2.166 0.000464 0.005199 64.531 0.18141
0.000 9.686 0.575 2.152 4.049 0.000240 0.005077 41.438 0.58545
-1.161 0.000 -0.023 -1.161 0.000 0.000129 0.001286 -38.481 0.00745
6.332 0.000 0.524 6.332 0.000 0.000705 0.007014 71.723 -0.05162
0.000 -8.500 0.493 -2.172 3.728 0.000242 0.004778 -45.605 -0.58468
0.000 0.000 0.000 0.000 0.000 0.000000 0.000000 -0.374 0.00168
-2.334 6.872 -0.680 2.782 3.014 0.000442 0.004531 43.034 0.61288
6.455 8.118 -0.238 11.236 4.017 0.001251 0.013217 78.786 0.07754
-8.325 -8.231 -0.497 -13.995 3.832 0.001558 0.016071 -75.829 -0.04285
0.000 5.447 0.636 1.150 2.235 0.000128 0.002783 29.783 0.45211
0.000 5.417 0.149 2.106 2.655 0.000234 0.003753 43.168 0.43096
0.000 -5.629 0.893 -0.938 2.110 0.000104 0.002556 -28.374 -0.47676
0.000 0.000 0.000 0.000 0.000 0.000000 0.000000 -0.847 0.00299
0.000 0.000 0.000 0.000 0.000 0.000000 0.000000 -0.412 0.00261
7.984 0.000 -0.133 7.984 0.000 0.000889 0.008844 73.912 -0.03091
4.011 2.771 -0.824 6.197 1.137 0.000690 0.006979 70.039 0.00797
0.000 0.000 0.000 0.000 0.000 0.000000 0.000000 -0.327 -0.00647
0.000 -2.536 0.280 -0.761 1.169 0.000085 0.001544 -25.901 -0.32126
-4.487 0.000 0.357 -4.487 0.000 0.000499 0.004970 -69.267 0.04189
1.470 -9.795 -0.587 -5.713 4.356 0.000723 0.007948 -61.771 -0.70513
-1.872 0.000 -0.982 -1.872 0.000 0.000208 0.002074 -50.378 0.01402
2.408 -4.939 0.637 1.365 2.027 0.000271 0.002696 27.035 -0.51897
2.106 0.000 0.983 2.106 0.000 0.000234 0.002333 47.150 0.00922
0.000 0.000 0.000 0.000 0.000 0.000000 0.000000 0.228 -0.00129
0.000 0.352 -0.712 0.270 0.150 0.000030 0.000342 10.750 0.04283
0.000 0.000 0.000 0.000 0.000 0.000000 0.000000 0.078 0.00244
5.895 0.000 0.193 5.895 0.000 0.000656 0.006530 69.301 -0.04843
3.268 -8.978 0.415 0.973 3.938 0.000433 0.004471 8.048 -0.63722
6.635 0.000 -0.458 6.635 0.000 0.000739 0.007350 71.251 -0.05497
0.000 6.196 -0.573 4.544 2.755 0.000506 0.005885 64.999 0.23888
0.000 0.000 0.000 0.000 0.000 0.000000 0.000000 -0.132 0.00263
-7.851 0.000 -0.893 -7.851 0.000 0.000874 0.008697 -74.790 0.02922
0.000 0.000 0.000 0.000 0.000 0.000000 0.000000 -0.159 -0.00363
0.000 0.000 0.000 0.000 0.000 0.000000 0.000000 -0.240 0.00009
-7.680 -1.677 0.046 -8.463 0.841 0.000942 0.009420 -74.933 0.00483
0.000 0.000 0.000 0.000 0.000 0.000000 0.000000 0.402 -0.00431
4.738 5.508 -0.800 9.083 2.260 0.001011 0.010367 76.442 0.04597
0.000 0.000 0.000 0.000 0.000 0.000000 0.000000 0.398 0.00053
8.849 -7.807 0.493 6.854 3.424 0.000763 0.008485 72.885 -0.23511
0.000 -4.259 0.661 -0.899 1.748 0.000100 0.002176 -28.818 -0.43309
7.675 0.000 -0.452 7.675 0.000 0.000854 0.008502 72.792 -0.02266
0.470 0.000 0.797 0.470 0.000 0.000052 0.000521 17.239 0.00430
7.043 9.354 0.899 8.602 3.506 0.000958 0.010288 74.295 0.02886
3.580 0.000 -0.431 3.580 0.000 0.000399 0.003966 62.589 0.00398
5.728 -6.692 0.036 2.605 3.357 0.000390 0.004698 43.708 -0.64310
3.431 4.871 0.148 5.325 2.388 0.000593 0.006464 67.624 0.11585
-6.522 -3.049 0.496 -7.301 1.337 0.000813 0.008221 -74.046 -0.01676
0.000 -4.637 -0.621 -3.452 2.034 0.000384 0.004437 -64.179 -0.21401
8.159 0.000 0.567 8.159 0.000 0.000908 0.009037 75.042 -0.03900
0.000 0.000 0.000 0.000 0.000 0.000000 0.000000 -0.359 0.00620
2.368 0.000 -0.873 2.368 0.000 0.000264 0.002622 52.035 -0.00486
3.151 0.000 -0.513 3.151 0.000 0.000351 0.003491 59.612 -0.00999
0.000 0.000 0.000 0.000 0.000 0.000000 0.000000 -0.113 -0.01225
-9.452 0.000 -0.428 -9.452 0.000 0.001052 0.010470 -75.191 0.04765
0.000 0.000 0.000 0.000 0.000 0.000000 0.000000 -0.302 0.00183
6.207 5.681 -0.843 10.688 2.331 0.001190 0.012117 78.346 0.04101
0.000 0.429 -0.540 0.310 0.193 0.000035 0.000405 11.118 0.05885
0.000 0.000 0.000 0.000 0.000 0.000000 0.000000 0.419 0.00018
0.000 1.046 0.497 0.267 0.459 0.000030 0.000588 9.848 0.13977
0.000 0.000 0.000 0.000 0.000 0.000000 0.000000 -0.124 -0.00162
0.000 0.000 0.000 0.000 0.000 0.000000 0.000000 0.683 -0.00176
4.369 0.000 -0.726 4.369 0.000 0.000486 0.004840 65.806 -0.02973
-1.737 8.571 0.469 0.453 3.759 0.000338 0.004179 10.057 0.77213
0.000 0.000 0.000 0.000 0.000 0.000000 0.000000 -0.212 0.00347
-3.684 -7.608 -0.784 -9.602 3.181 0.001069 0.011203 -74.889 -0.05496
0.000 0.000 0.000 0.000 0.000 0.000000 0.000000 -0.426 0.00365
-7.417 0.000 0.218 -7.417 0.000 0.000826 0.008215 -74.883 0.03727
0.000 0.000 0.000 0.000 0.000 0.000000 0.000000 0.224 0.00393
-1.895 -4.744 -0.320 -4.899 2.299 0.000545 0.005994 -71.044 -0.16698
-8.279 0.000 0.586 -8.279 0.000 0.000922 0.009171 -75.087 0.03950
-2.995 0.000 -0.279 -2.995 0.000 0.000333 0.003317 -62.655 0.02813
-4.572 6.554 0.549 -3.043 2.788 0.000442 0.004561 -50.189 0.75947
0.000 0.000 0.000 0.000 0.000 0.000000 0.000000 0.466 0.00673
6.522 -3.520 0.692 5.779 1.445 0.000643 0.006598 68.130 -0.12024
-9.390 -9.601 0.389 -11.950 4.269 0.001330 0.014056 -75.773 -0.03326
0.212 0.000 -0.575 0.212 0.000 0.000024 0.000235 8.385 0.00176
2.499 8.688 -0.606 8.870 3.863 0.000987 0.010716 75.390 0.13003
-1.929 -7.598 -0.949 -8.176 2.921 0.000910 0.009617 -73.901 -0.07305
6.675 0.000 -0.701 6.675 0.000 0.000743 0.007394 72.606 -0.02990
6.823 0.000 0.209 6.823 0.000 0.000760 0.007558 72.632 -0.04464
6.177 0.000 0.541 6.177 0.000 0.000688 0.006843 70.693 -0.03919
-7.029 0.000 0.694 -7.029 0.000 0.000783 0.007786 -73.635 0.04297
-9.823 0.000 0.043 -9.823 0.000 0.001094 0.010881 -75.469 0.03476
0.000 0.000 0.000 0.000 0.000 0.000000 0.000000 0.183 0.00280
0.000 0.000 0.000 0.000 0.000 0.000000 0.000000 -0.334 0.00152
0.000 6.370 0.180 2.335 3.087 0.000260 0.004286 45.375 0.51196
0.000 0.000 0.000 0.000 0.000 0.000000 0.000000 0.293 0.00572
9.941 2.300 0.706 10.401 0.925 0.001158 0.011566 78.133 -0.00233
-8.355 0.000 -0.058 -8.355 0.000 0.000930 0.009255 -74.646 0.03426
-5.237 0.000 0.801 -5.237 0.000 0.000583 0.005800 -71.522 0.02338
3.057 -2.138 -0.993 1.299 0.822 0.000145 0.001702 35.072 -0.13558
-8.302 0.000 -0.830 -8.302 0.000 0.000924 0.009196 -74.661 0.03428
7.343 4.320 0.850 8.063 1.619 0.000898 0.009109 73.467 -0.00567
6.355 0.000 -0.246 6.355 0.000 0.000707 0.007039 71.387 -0.05130
0.000 -4.529 0.458 -1.158 1.987 0.000129 0.002546 -34.032 -0.44239
4.196 -1.156 -0.276 3.477 0.563 0.000387 0.003902 60.781 -0.06318
0.000 -2.910 0.338 -0.808 1.311 0.000090 0.001705 -26.267 -0.33999
0.000 0.000 0.000 0.000 0.000 0.000000 0.000000 -0.294 0.00326
0.000 0.000 0.000 0.000 0.000 0.000000 0.000000 -0.108 -0.00078
0.000 0.000 0.000 0.000 0.000 0.000000 0.000000 -0.305 -0.00017
0.000 -8.584 -0.157 -4.769 4.289 0.000531 0.007103 -66.608 -0.43000
0.000 0.000 0.000 0.000 0.000 0.000000 0.000000 -0.664 0.00377
-7.561 9.426 0.251 -4.523 4.430 0.000637 0.007000 -54.121 0.92817
5.076 0.000 0.282 5.076 0.000 0.000565 0.005623 66.531 -0.02479
0.000 0.000 0.000 0.000 0.000 0.000000 0.000000 0.549 0.00105
0.704 0.000 -0.861 0.704 0.000 0.000078 0.000780 24.205 -0.00425
-6.733 0.000 -0.012 -6.733 0.000 0.000750 0.007458 -73.976 0.03370
0.000 0.000 0.000 0.000 0.000 0.000000 0.000000 0.023 -0.00491
0.000 -0.182 -0.284 -0.113 0.089 0.000013 0.000159 -4.547 -0.02669
8.305 4.124 -0.688 11.421 1.782 0.001271 0.012804 79.636 0.01751
0.000 0.000 0.000 0.000 0.000 0.000000 0.000000 0.192 -0.00028
0.000 0.000 0.000 0.000 0.000 0.000000 0.000000 0.183 -0.00828
7.736 9.610 -0.056 12.648 4.831 0.001408 0.014996 79.524 0.07843
-7.614 -7.642 -0.215 -12.029 3.795 0.001339 0.013971 -75.325 -0.04167
-3.981 0.000 -0.063 -3.981 0.000 0.000443 0.004409 -66.867 0.04251
-0.899 0.000 -0.902 -0.899 0.000 0.000100 0.000996 -31.302 0.00190
3.407 0.000 0.600 3.407 0.000 0.000379 0.003774 60.524 0.00102
0.000 -2.996 0.552 -0.699 1.274 0.000078 0.001609 -24.141 -0.33580
0.000 1.773 0.930 0.296 0.664 0.000033 0.000805 10.614 0.18473
3.025 0.000 -0.134 3.025 0.000 0.000337 0.003350 57.725 -0.00535
4.499 7.304 -0.697 10.017 3.156 0.001115 0.011633 76.928 0.06027
0.000 -2.144 -0.474 -1.477 0.998 0.000164 0.001974 -42.094 -0.20942
-2.824 3.782 -0.470 -0.219 1.761 0.000171 0.001957 -6.117 0.46956
1.606 0.000 0.210 1.606 0.000 0.000179 0.001779 40.272 -0.00173
0.000 0.000 0.000 0.000 0.000 0.000000 0.000000 0.604 -0.00313
1.635 0.000 0.464 1.635 0.000 0.000182 0.001811 40.541 -0.00791
0.000 0.000 0.000 0.000 0.000 0.000000 0.000000 -0.114 0.00650
-3.877 0.000 -0.704 -3.877 0.000 0.000432 0.004294 -66.483 0.05237
0.000 0.000 0.000 0.000 0.000 0.000000 0.000000 0.572 0.00191
7.226 0.000 0.368 7.226 0.000 0.000804 0.008005 73.973 -0.04125
-1.645 0.000 -0.318 -1.645 0.000 0.000183 0.001822 -47.570 0.00330
0.000 -9.080 -0.963 -7.466 3.491 0.000831 0.009129 -74.642 -0.17208
0.000 8.792 0.074 4.005 4.403 0.000446 0.006591 58.529 0.46729
0.000 8.268 -0.563 5.971 3.724 0.000665 0.007794 68.828 0.27531
0.000 -3.378 -0.921 -2.702 1.359 0.000301 0.003350 -59.962 -0.19659
1.460 9.230 -0.283 7.204 4.500 0.000802 0.009407 71.895 0.26304
0.000 4.052 -0.689 3.061 1.751 0.000341 0.003906 57.115 0.20039
-5.602 1.660 0.616 -5.233 0.694 0.000583 0.005847 -71.969 0.06453
0.000 -4.537 0.337 -1.260 2.043 0.000140 0.002658 -35.261 -0.45050
0.000 0.000 0.000 0.000 0.000 0.000000 0.000000 -0.486 -0.00411
-6.869 0.000 -0.445 -6.869 0.000 0.000765 0.007609 -73.042 0.03517
9.616 0.000 -0.954 9.616 0.000 0.001070 0.010651 75.509 -0.02429
3.315 3.878 0.807 4.004 1.491 0.000446 0.004733 63.186 0.08890
0.000 -4.954 0.114 -2.147 2.469 0.000239 0.003623 -50.142 -0.43740
0.000 0.000 0.000 0.000 0.000 0.000000 0.000000 -0.306 -0.00079
8.970 0.000 0.338 8.970 0.000 0.000999 0.009936 74.649 -0.02278
5.885 0.000 0.830 5.885 0.000 0.000655 0.006518 70.627 -0.04533
-9.380 -1.128 -0.713 -10.245 0.480 0.001140 0.011360 -75.575 0.03582
0.000 -8.813 -0.758 -6.757 3.748 0.000752 0.008558 -72.587 -0.19238
4.085 5.560 -0.306 7.606 2.694 0.000847 0.008938 73.104 0.08695
8.281 0.000 0.627 8.281 0.000 0.000922 0.009172 75.852 -0.04795
-7.429 9.905 0.980 -5.778 3.712 0.000735 0.007598 -59.386 0.74789
0.000 0.000 0.000 0.000 0.000 0.000000 0.000000 0.364 0.00046
0.000 5.164 0.059 2.352 2.586 0.000262 0.003871 45.892 0.39341
0.000 -3.538 0.049 -1.651 1.775 0.000184 0.002684 -43.161 -0.36980
0.000 0.000 0.000 0.000 0.000 0.000000 0.000000 0.124 -0.00003
0.000 0.000 0.000 0.000 0.000 0.000000 0.000000 0.266 0.00069
-0.628 0.000 -0.781 -0.628 0.000 0.000070 0.000695 -23.181 0.00481
0.000 -5.377 -0.417 -3.585 2.549 0.000399 0.004871 -64.544 -0.30146
0.000 0.000 0.000 0.000 0.000 0.000000 0.000000 -0.191 0.00715
0.000 0.000 0.000 0.000 0.000 0.000000 0.000000 0.051 0.00581
0.000 7.936 -0.433 5.379 3.730 0.000599 0.007249 67.573 0.30579
0.000 0.000 0.000 0.000 0.000 0.000000 0.000000 0.275 -0.00504
0.000 -0.308 -0.896 -0.243 0.126 0.000027 0.000303 -10.514 -0.03350
-4.359 -1.959 -0.508 -5.730 0.903 0.000638 0.006425 -71.986 -0.02696
0.000 0.000 0.000 0.000 0.000 0.000000 0.000000 -0.100 -0.00043
9.826 -0.824 0.591 9.643 0.344 0.001073 0.010688 77.174 -0.05373
1.020 -9.212 0.765 -0.720 3.626 0.000264 0.004085 -10.724 -0.70778
0.000 -6.351 -0.322 -4.022 3.078 0.000448 0.005609 -66.734 -0.34194
3.210 0.000 -0.244 3.210 0.000 0.000357 0.003555 61.192 -0.00337
0.000 0.000 0.000 0.000 0.000 0.000000 0.000000 -0.711 -0.00726
4.093 7.339 0.343 6.131 3.306 0.000683 0.007715 70.107 0.13196
3.914 0.000 -0.630 3.914 0.000 0.000436 0.004335 63.964 0.00387
0.000 -3.306 -0.348 -2.131 1.592 0.000237 0.002945 -51.917 -0.27009
0.000 -4.337 -0.861 -3.422 1.780 0.000381 0.004272 -64.301 -0.18566
-0.667 0.000 0.765 -0.667 0.000 0.000074 0.000739 -25.126 0.00203
3.141 -2.043 0.364 2.574 0.920 0.000286 0.003027 53.557 -0.13313
1.525 8.828 0.885 2.996 3.308 0.000334 0.004943 54.532 0.30240
0.000 0.000 0.000 0.000 0.000 0.000000 0.000000 0.156 -0.00859
1.960 0.000 -0.717 1.960 0.000 0.000218 0.002171 45.995 -0.00373
-0.569 0.000 0.092 -0.569 0.000 0.000063 0.000630 -21.891 0.00916
-1.885 9.088 -0.357 3.972 4.374 0.000591 0.006531 48.020 0.81446
5.677 0.000 0.038 5.677 0.000 0.000632 0.006288 68.222 -0.06580
0.000 1.693 -0.519 1.185 0.780 0.000132 0.001572 32.359 0.15565
6.572 0.000 -0.032 6.572 0.000 0.000732 0.007280 71.916 -0.04086
0.000 0.461 0.550 0.108 0.196 0.000012 0.000248 5.303 0.06116
-6.998 6.585 0.037 -3.925 3.303 0.000437 0.005682 -64.301 0.40285
0.000 -5.234 0.756 -0.989 2.060 0.000110 0.002530 -28.290 -0.45364
-8.099 0.000 0.600 -8.099 0.000 0.000902 0.008972 -74.769 0.02942
0.000 3.623 -0.838 2.858 1.487 0.000318 0.003569 54.186 0.17630
0.000 8.145 0.555 1.901 3.464 0.000212 0.004375 39.296 0.54006
0.000 -4.982 -0.410 -3.266 2.381 0.000364 0.004476 -62.557 -0.30030
4.869 -9.521 -0.125 -0.420 4.758 0.000529 0.005261 -2.986 -0.66254
0.000 0.000 0.000 0.000 0.000 0.000000 0.000000 -0.439 0.00090
0.000 -1.478 -0.106 -0.821 0.739 0.000091 0.001223 -28.922 -0.19651
0.000 -7.861 0.210 -2.883 3.810 0.000321 0.005290 -52.637 -0.58846
0.000 0.000 0.000 0.000 0.000 0.000000 0.000000 -0.703 -0.00099
0.000 -6.685 -0.436 -4.531 3.141 0.000504 0.006106 -67.979 -0.29955
0.000 8.420 0.225 2.994 4.053 0.000333 0.005579 51.089 0.57940
-2.147 5.792 -0.423 1.779 2.722 0.000352 0.003588 31.782 0.63530
-0.175 8.634 0.106 3.662 4.314 0.000429 0.006265 55.757 0.53245
0.000 0.000 0.000 0.000 0.000 0.000000 0.000000 -0.158 0.00463
0.172 0.000 0.047 0.172 0.000 0.000019 0.000190 6.771 0.00112
0.000 0.000 0.000 0.000 0.000 0.000000 0.000000 -0.930 -0.00097
0.000 -0.301 0.707 -0.060 0.121 0.000007 0.000150 -2.456 -0.03690
0.000 0.000 0.000 0.000 0.000 0.000000 0.000000 -0.068 -0.00597
6.060 -2.754 -0.644 4.010 1.208 0.000446 0.004639 64.799 -0.12286
-3.030 -5.739 0.571 -4.306 2.399 0.000479 0.005459 -68.050 -0.15004
0.000 0.000 0.000 0.000 0.000 0.000000 0.000000 -0.096 -0.01174
0.000 -2.081 -0.029 -1.040 1.046 0.000116 0.001634 -32.890 -0.25974
0.000 -5.560 -0.599 -4.077 2.472 0.000454 0.005281 -66.356 -0.22732
0.000 0.000 0.000 0.000 0.000 0.000000 0.000000 -1.017 -0.00600
-8.897 0.000 0.192 -8.897 0.000 0.000990 0.009855 -74.791 0.03284
7.523 0.000 -0.186 7.523 0.000 0.000838 0.008333 73.381 -0.04134
0.000 0.000 0.000 0.000 0.000 0.000000 0.000000 0.835 0.00582
-4.446 0.000 -0.668 -4.446 0.000 0.000495 0.004925 -69.351 0.03755
0.000 0.000 0.000 0.000 0.000 0.000000 0.000000 -0.335 0.00552
0.000 7.693 0.735 1.453 3.028 0.000162 0.003719 33.080 0.54378
0.000 -4.449 0.587 -0.989 1.860 0.000110 0.002332 -30.480 -0.43904
0.000 8.074 0.844 1.346 3.026 0.000150 0.003667 30.284 0.55667
0.000 -7.848 -0.050 -3.924 3.946 0.000437 0.006163 -62.725 -0.46452
-2.106 -7.552 0.551 -3.868 3.212 0.000431 0.005568 -65.421 -0.26414
4.945 0.000 -0.847 4.945 0.000 0.000551 0.005478 66.706 -0.03638
-5.505 0.000 0.241 -5.505 0.000 0.000613 0.006098 -71.698 0.04358
0.606 -9.155 0.388 -1.836 4.071 0.000303 0.004939 -33.829 -0.79089
0.000 -3.033 -0.551 -2.191 1.366 0.000244 0.002859 -54.038 -0.23711
0.000 0.000 0.000 0.000 0.000 0.000000 0.000000 -0.291 0.00202
0.000 6.199 0.850 1.033 2.323 0.000115 0.002815 26.273 0.47234
-4.925 1.720 -0.770 -3.607 0.731 0.000401 0.004076 -66.437 0.07134
0.000 1.824 -0.681 1.358 0.800 0.000151 0.001746 35.586 0.13643
5.530 0.000 0.396 5.530 0.000 0.000616 0.006125 68.836 -0.03046
0.000 0.000 0.000 0.000 0.000 0.000000 0.000000 -0.456 0.00629
0.000 0.923 0.950 0.154 0.346 0.000017 0.000419 5.449 0.10702
-7.200 0.000 0.963 -7.200 0.000 0.000802 0.007976 -75.039 0.04370
0.000 6.643 0.323 1.845 2.992 0.000205 0.003892 39.576 0.49692
0.000 0.000 0.000 0.000 0.000 0.000000 0.000000 0.511 0.00594
5.748 -3.543 -0.470 3.308 1.649 0.000368 0.004094 59.908 -0.20517
0.000 4.034 0.991 0.672 1.512 0.000075 0.001832 21.259 0.36992
0.000 0.000 0.000 0.000 0.000 0.000000 0.000000 -0.681 -0.00245
0.000 0.000 0.000 0.000 0.000 0.000000 0.000000 -0.143 0.00048
-9.045 1.790 -0.319 -7.911 0.867 0.000881 0.008815 -74.615 0.08337
4.895 -8.034 -0.327 -0.193 3.893 0.000421 0.004295 0.282 -0.62826
0.000 -7.332 0.565 -1.711 3.119 0.000190 0.003938 -41.477 -0.56817
0.980 0.000 -0.135 0.980 0.000 0.000109 0.001086 29.701 -0.01737
0.121 0.000 -0.825 0.121 0.000 0.000013 0.000134 4.477 -0.00181
-3.126 0.000 -0.234 -3.126 0.000 0.000348 0.003463 -62.927 0.01632
-9.031 2.697 0.098 -7.803 1.351 0.000869 0.008772 -73.900 0.09741
0.000 0.000 0.000 0.000 0.000 0.000000 0.000000 0.144 0.00644
0.000 0.677 -0.174 0.376 0.338 0.000042 0.000560 14.127 0.09796
-9.260 -1.507 -0.793 -10.449 0.619 0.001163 0.011595 -75.631 0.03606
7.426 2.813 0.514 8.113 1.216 0.000903 0.009087 74.446 0.01715
-1.536 -2.542 0.362 -2.242 1.145 0.000250 0.002788 -55.257 -0.17972
0.000 0.000 0.000 0.000 0.000 0.000000 0.000000 0.394 -0.00752
-9.800 0.000 0.960 -9.800 0.000 0.001091 0.010855 -74.603 0.03218
-3.043 1.934 -0.325 -1.818 0.937 0.000202 0.002266 -50.370 0.20399
3.700 -6.164 -0.982 -1.369 2.370 0.000299 0.003019 -24.048 -0.57423
5.969 1.425 -0.449 6.935 0.670 0.000772 0.007717 71.054 -0.01238
-1.571 0.000 -0.272 -1.571 0.000 0.000175 0.001741 -46.084 0.00305
-8.068 0.000 0.068 -8.068 0.000 0.000898 0.008937 -74.924 0.03089
0.000 -7.200 -0.340 -4.560 3.489 0.000508 0.006359 -68.607 -0.34240
0.000 0.000 0.000 0.000 0.000 0.000000 0.000000 1.055 0.00447
-9.298 6.661 -0.027 -5.968 3.349 0.000664 0.007579 -72.055 0.25580
0.000 -1.616 -0.102 -0.898 0.808 0.000100 0.001337 -30.167 -0.21376
8.437 0.000 0.933 8.437 0.000 0.000939 0.009346 74.355 -0.01861
4.450 8.266 0.298 6.838 3.767 0.000761 0.008647 71.964 0.11890
0.595 0.000 -0.184 0.595 0.000 0.000066 0.000659 21.512 0.00757
9.845 0.000 0.158 9.845 0.000 0.001096 0.010905 77.660 -0.04056
0.000 0.000 0.000 0.000 0.000 0.000000 0.000000 0.206 -0.00596
-2.644 0.000 -0.646 -2.644 0.000 0.000294 0.002928 -60.617 0.01742
1.143 -4.397 0.620 0.166 1.838 0.000179 0.002036 4.672 -0.46271
0.000 -4.015 -0.706 -3.033 1.735 0.000338 0.003870 -61.349 -0.21286
0.000 1.254 -0.544 0.905 0.565 0.000101 0.001182 27.158 0.12817
0.000 -7.299 0.636 -1.541 2.995 0.000172 0.003730 -39.595 -0.57673
0.000 -2.283 -0.197 -1.294 1.137 0.000144 0.001908 -39.476 -0.26621
0.000 9.155 0.519 2.238 3.956 0.000249 0.005033 42.921 0.59419
-0.866 -7.355 -0.195 -5.034 3.665 0.000560 0.006896 -69.553 -0.30868
6.993 -7.660 0.588 5.291 3.202 0.000622 0.006847 64.975 -0.40774
0.000 0.000 0.000 0.000 0.000 0.000000 0.000000 0.114 0.00127
3.770 4.755 0.251 5.302 2.235 0.000590 0.006373 68.889 0.12787
-6.055 9.618 0.525 -3.704 4.157 0.000606 0.006149 -36.954 0.90806
-2.333 0.000 -0.464 -2.333 0.000 0.000260 0.002584 -56.752 0.00880
0.000 1.434 0.886 0.239 0.538 0.000027 0.000651 10.041 0.15493
-0.556 0.000 -0.310 -0.556 0.000 0.000062 0.000616 -22.284 0.00300
0.000 2.457 0.883 0.409 0.921 0.000046 0.001116 15.111 0.25813
0.000 -2.048 -0.135 -1.138 1.023 0.000127 0.001694 -35.131 -0.25473
0.000 -1.963 -0.523 -1.396 0.895 0.000155 0.001837 -40.552 -0.19525
-3.934 0.000 0.336 -3.934 0.000 0.000438 0.004358 -67.714 0.03458
0.000 0.000 0.000 0.000 0.000 0.000000 0.000000 0.129 0.00516
0.000 -4.021 -0.532 -2.904 1.811 0.000323 0.003791 -60.344 -0.26582
-3.279 0.000 0.603 -3.279 0.000 0.000365 0.003632 -64.709 0.00419
1.065 0.000 -0.555 1.065 0.000 0.000119 0.001180 31.233 -0.01455
-3.881 0.000 0.321 -3.881 0.000 0.000432 0.004299 -67.051 0.04547
2.211 3.625 -0.097 4.184 1.815 0.000466 0.005052 66.089 0.16229
0.000 0.000 0.000 0.000 0.000 0.000000 0.000000 0.097 -0.00219
0.000 0.000 0.000 0.000 0.000 0.000000 0.000000 0.630 0.00105
-2.915 3.794 0.243 -1.651 1.799 0.000249 0.002698 -41.122 0.50595
0.000 0.000 0.000 0.000 0.000 0.000000 0.000000 0.130 0.00045
0.000 4.729 0.474 1.208 2.074 0.000135 0.002658 31.070 0.40589
-5.046 -1.797 -0.271 -6.164 0.876 0.000686 0.006896 -73.070 -0.00886
0.000 -3.559 -0.059 -1.819 1.789 0.000203 0.002825 -46.680 -0.34309
0.000 0.000 0.000 0.000 0.000 0.000000 0.000000 -0.057 -0.00020
0.064 0.000 0.943 0.064 0.000 0.000007 0.000071 3.034 -0.00395
