-0.83027 -0.48560 -0.19095 -0.10781 0.03641 0.17425 0.32555 0.45546 0.74120 
-0.40765 -0.12720 0.27928 0.45749 0.65131 0.77034 0.94207 1.24240 1.49342 
0.16333 0.33471 0.51251 0.59979 0.68531 0.77377 0.83498 1.04832 1.84594 
-0.04651 -0.02977 -0.02025 -0.00833 0.00182 0.01473 0.02777 0.03462 0.05288 
0.20156 0.21843 0.24932 0.25970 0.27318 0.28718 0.30352 0.31298 0.32936 
0.21470 0.23326 0.24995 0.28785 0.34193 0.37483 0.41617 0.43754 0.46165 
0.20037 0.29677 0.40288 0.49471 0.64881 0.80340 0.97958 1.03491 2.25592 
0.21271 0.24135 0.32949 0.41253 0.51732 0.88175 1.07362 1.18163 2.72731 
-2.02364 -0.97623 -0.61565 -0.17226 -0.08436 0.12690 0.39100 0.88536 1.60388 
-0.04944 -0.03809 -0.02894 -0.02194 -0.00488 0.00759 0.02976 0.04076 0.06353 
0.15004 0.24807 0.29673 0.35459 0.40434 0.46727 0.52005 0.58692 0.71035 
-0.06722 -0.04228 -0.03234 -0.01788 0.00024 0.00974 0.02780 0.03819 0.06031 
0.08652 0.20306 0.28959 0.38605 0.58347 0.71543 0.99697 1.49091 2.43699 
0.16256 0.30983 0.44048 0.56611 0.65839 0.78706 0.82506 1.06343 1.88183 
-0.84208 -0.53314 -0.20497 -0.09237 0.01882 0.16549 0.35758 0.50754 0.80804 
-1.71436 -0.83729 -0.27623 -0.10082 0.01860 0.21459 0.57041 0.90662 1.50758 
-2.19754 -1.32068 -1.08878 -0.83192 -0.71124 -0.31883 -0.28847 -0.20657 -0.15239 
-2.01788 -0.28580 0.11340 0.31756 0.58626 0.85891 1.19661 1.59245 2.52097 
-2.08424 -1.20981 -1.05082 -0.77122 -0.68334 -0.49347 -0.24754 -0.21376 -0.19079 
-0.61427 -0.16428 0.26126 0.51246 0.69347 0.79714 1.02772 1.38894 1.78480 
-2.74372 -1.58780 -1.03608 -0.94147 -0.43492 -0.27724 -0.22718 -0.12973 -0.08168 
-2.07452 -0.98022 -0.50300 -0.15543 -0.00577 0.06907 0.33224 0.74394 1.83315 
-1.35144 -0.91748 -0.64966 -0.26440 -0.02055 0.10003 0.29708 0.77991 1.51811 
0.18774 0.19491 0.21139 0.22077 0.23376 0.24911 0.26125 0.26989 0.30020 
-1.81265 -1.16256 -1.05876 -0.85991 -0.68447 -0.51444 -0.35178 -0.23542 -0.18857 
-2.91942 -1.61541 -1.01209 -0.74246 -0.38844 -0.30397 -0.17512 -0.09925 -0.04013 
-1.14978 -0.85762 -0.54942 -0.31286 -0.04798 0.14106 0.31856 0.68864 1.35717 
-1.57991 -0.37499 0.08373 0.29819 0.56333 0.79553 0.99919 1.43777 2.00117 
-0.95550 -0.84647 -0.73806 -0.63972 -0.58691 -0.51134 -0.43324 -0.36754 -0.19058 
-1.09259 -0.54485 -0.23466 -0.10207 0.01863 0.18312 0.44138 0.57979 1.01867 
-0.05728 -0.04120 -0.02740 -0.00929 0.00112 0.01316 0.02463 0.03789 0.05883 
-1.29351 -0.86827 -0.29743 -0.12316 0.03223 0.29378 0.54276 0.87006 1.19947 
-1.86681 -0.25274 0.07314 0.21036 0.48424 0.75840 1.02609 1.19282 2.03933 
-0.07850 -0.03543 -0.01837 -0.01112 0.00775 0.01712 0.02895 0.04641 0.06288 
-0.06150 -0.03363 -0.01280 0.00326 0.01428 0.02605 0.03350 0.04921 0.06476 
-1.87014 -0.92532 -0.58717 -0.17016 -0.02976 0.06367 0.41627 0.84683 1.66862 
-0.06863 -0.04838 -0.03169 -0.00700 0.00601 0.01585 0.03126 0.04390 0.06264 
-2.46159 -1.71938 -1.18846 -0.80259 -0.43513 -0.31199 -0.13355 -0.01528 2.05207 
-0.05092 -0.03226 -0.01491 -0.00385 0.00815 0.01482 0.02347 0.03270 0.05614 
-1.90705 -0.70360 -0.38713 -0.06464 0.01811 0.17482 0.58309 0.93329 1.80826 
0.11950 0.15911 0.25082 0.36176 0.45675 0.72352 1.05941 1.24532 2.76348 
0.12739 0.23848 0.27266 0.35149 0.50713 0.83220 1.08931 1.23609 2.78531 
-1.36986 -0.88756 -0.24586 -0.14907 0.07492 0.28500 0.51716 0.79607 1.20315 
-1.60645 -0.77384 -0.29866 -0.09917 0.03923 0.19300 0.60291 0.86918 1.53426 
0.16960 0.22577 0.32099 0.38135 0.69201 0.85100 1.04292 1.12068 2.52575 
-1.95989 -0.93790 -0.55279 -0.16544 -0.02648 0.07847 0.36646 0.78111 1.74194 
0.23656 0.25956 0.26833 0.29901 0.37021 0.44546 0.48100 0.49562 0.52166 
-1.48434 -0.35931 0.06505 0.33822 0.63452 0.83389 0.94739 1.43284 1.94122 
-1.03947 -0.76237 -0.53181 -0.34571 -0.12290 0.02606 0.14787 0.58434 1.02266 
-1.76832 -0.73805 -0.34921 -0.06179 0.01594 0.21277 0.66870 0.85161 1.68865 
-0.68600 -0.48114 -0.30529 -0.11787 0.00633 0.08782 0.17388 0.40503 0.71903 
-1.48755 -0.85311 -0.27297 -0.13519 0.03464 0.31038 0.55221 0.86271 1.15933 
-1.41205 -0.88023 -0.28332 -0.13533 0.01022 0.30606 0.57922 0.81115 1.16305 
-2.04905 -0.89199 -0.51215 -0.18290 -0.02710 0.07303 0.37637 0.75967 1.93316 
-0.06834 -0.04845 -0.03296 -0.01371 -0.00232 0.00816 0.02251 0.04191 0.06050 
-0.05370 -0.03953 -0.02250 -0.00798 0.01202 0.01443 0.02824 0.04313 0.05644 
-0.04996 -0.03820 -0.02520 -0.01141 0.00380 0.01181 0.02333 0.03338 0.06267 
-2.07436 -0.93714 -0.50438 -0.18000 -0.01048 0.06362 0.35472 0.65987 1.81724 
-0.07736 -0.04878 -0.03325 -0.02215 -0.01312 0.00267 0.02250 0.03906 0.06145 
-0.06201 -0.03298 -0.01801 -0.01375 -0.00186 0.00823 0.01903 0.03100 0.05097 
-1.44843 -0.10428 0.21476 0.44938 0.60900 0.80489 0.98922 1.31361 2.02353 
-1.32367 -0.66189 -0.32654 -0.15527 0.03084 0.29022 0.51448 0.81945 1.13800 
-0.05212 -0.02912 -0.01757 -0.00961 0.00081 0.01659 0.02846 0.04006 0.06493 
-0.46506 -0.42301 -0.39330 -0.35695 -0.32497 -0.31211 -0.29841 -0.28894 -0.26686 
-1.79492 -0.76639 -0.43786 -0.08391 0.01779 0.16798 0.60197 0.93445 1.73211 
-0.06830 -0.04072 -0.02913 -0.00600 -0.00199 0.00587 0.01672 0.03486 0.06696 
0.37847 0.43988 0.49592 0.54918 0.59289 0.61556 0.64632 1.04203 1.29460 
-0.04271 -0.03203 -0.02240 -0.00689 0.00017 0.00772 0.02450 0.03581 0.05070 
-1.14143 -0.59738 -0.26709 -0.12924 0.04773 0.23363 0.46774 0.77683 1.02704 
-2.73367 -1.51670 -1.03017 -0.92313 -0.41776 -0.28222 -0.18317 -0.13888 -0.09343 
-1.22027 -1.09618 -0.84002 -0.79391 -0.67584 -0.61390 -0.48453 -0.40670 -0.20169 
-2.18239 -1.64525 -1.15707 -0.70885 -0.56865 -0.29858 -0.13525 0.04846 1.86402 
-1.92993 -0.86257 -0.49658 -0.19099 -0.02105 0.07064 0.34651 0.68295 1.71611 
-0.06230 -0.03122 -0.02488 -0.01058 0.00493 0.01974 0.02501 0.03116 0.05296 
-1.66156 0.05543 0.25275 0.42542 0.56468 0.76197 1.20141 1.53933 2.52296 
0.37535 0.43637 0.47848 0.51347 0.54728 0.56065 0.59576 0.96587 1.18319 
-3.09707 -1.61921 -1.04275 -0.75495 -0.35629 -0.26312 -0.15583 -0.07543 -0.04922 
-1.09126 -0.99071 -0.74882 -0.70907 -0.63319 -0.57517 -0.51146 -0.43299 -0.35065 
0.17011 0.21071 0.23547 0.27728 0.31815 0.33714 0.35605 0.37797 0.42082 
-1.67960 -0.72934 -0.30497 -0.07803 0.02191 0.19627 0.65316 0.87558 1.64454 
0.34843 0.38946 0.42333 0.45260 0.48000 0.51499 0.61367 0.85469 0.97466 
0.39434 0.43285 0.49032 0.52735 0.57743 0.60978 0.65323 0.98124 1.28025 
-0.16708 -0.11149 -0.07274 -0.02876 0.00165 0.03223 0.07853 0.12992 0.16860 
-0.05921 -0.03739 -0.01977 -0.00863 0.00094 0.01171 0.02264 0.04218 0.06688 
-0.61248 -0.39251 -0.13501 -0.07635 -0.01855 0.11705 0.22293 0.40359 0.58860 
0.14825 0.19795 0.35562 0.49396 0.69077 0.79496 0.99088 1.05045 2.24690 
-1.77604 -0.66511 -0.42003 -0.07636 0.01430 0.18137 0.65882 0.89728 1.73707 
-1.27901 -0.90813 -0.57912 -0.24582 -0.03150 0.11359 0.33702 0.79225 1.38642 
-0.07091 -0.05037 -0.02780 -0.02090 -0.01056 0.00482 0.01536 0.03075 0.04425 
-0.90786 -0.27220 0.18588 0.48922 0.61610 0.78801 0.95596 1.38542 1.68407 
-1.67917 -0.76265 -0.30803 -0.10540 0.04607 0.22404 0.60449 0.83594 1.50354 
-2.15276 -1.41879 -0.96063 -0.78193 -0.57175 -0.37902 -0.23284 -0.18036 -0.13540 
-2.28908 -1.76684 -1.16714 -0.64328 -0.43846 -0.31146 -0.16140 0.03846 1.93311 
-0.07265 -0.04813 -0.03079 -0.01168 -0.00090 0.01052 0.02538 0.04695 0.07926 
0.17430 0.19761 0.21965 0.23386 0.24230 0.25458 0.26590 0.28258 0.30690 
-1.63188 -0.81235 -0.32260 -0.12565 0.03104 0.24267 0.61333 0.85974 1.32989 
-1.79076 -1.18049 -0.93402 -0.63849 -0.36093 -0.18921 -0.03066 0.44945 1.97556 
-1.63332 -0.79728 -0.31439 -0.09209 0.05041 0.20548 0.57596 0.86077 1.46048 
-1.71268 -0.69967 -0.34530 -0.07402 0.01807 0.16885 0.63191 0.89825 1.79543 
-1.27351 -0.15314 0.25920 0.41548 0.63631 0.98111 1.16136 1.70881 2.06672 
-2.13005 -1.24697 -1.09783 -0.82982 -0.72702 -0.43416 -0.25869 -0.19347 -0.14870 
-1.15265 -0.63431 -0.26769 -0.16854 0.03948 0.26343 0.42962 0.73012 1.00334 
0.22696 0.27539 0.34133 0.43529 0.67580 0.86847 1.02966 1.11882 2.46650 
-2.50976 -1.45394 -1.10586 -0.95636 -0.48541 -0.26211 -0.21810 -0.14961 -0.12596 
-0.05047 -0.03912 -0.02592 -0.01543 -0.00107 0.01455 0.03247 0.05022 0.06857 
0.16549 0.26038 0.34029 0.50138 0.70903 0.79145 0.94248 1.04292 2.16899 
-1.20407 -0.83345 -0.52750 -0.27172 -0.01645 0.12187 0.32920 0.66296 1.32536 
-1.33273 -0.91195 -0.58672 -0.24982 -0.03500 0.12340 0.31666 0.84301 1.54639 
0.15838 0.21154 0.25674 0.36586 0.53563 0.82197 1.13239 1.18179 2.70738 
-0.06473 -0.04023 -0.02820 -0.01401 -0.00139 0.00588 0.02014 0.03930 0.05415 
-1.55426 -1.24665 -0.93776 -0.83312 -0.59336 -0.49331 -0.36615 -0.22622 -0.13391 
-0.07410 -0.03275 -0.02646 -0.01646 -0.00179 0.01232 0.03376 0.05543 0.07113 
-1.79972 -0.86388 -0.56571 -0.20301 -0.02259 0.07124 0.41670 0.90017 1.59461 
-2.63243 -1.51424 -1.03005 -0.91448 -0.52325 -0.32153 -0.25688 -0.14981 -0.09451 
-0.07350 -0.04917 -0.02921 -0.01300 -0.00062 0.01029 0.01883 0.03513 0.05480 
-1.13604 -1.04255 -0.82977 -0.76522 -0.65357 -0.59577 -0.51937 -0.44937 -0.28719 
-3.09746 -1.62201 -1.05032 -0.80495 -0.38551 -0.25296 -0.13134 -0.06314 -0.01579 
-0.05183 -0.02919 -0.02104 -0.00363 0.00312 0.01158 0.02988 0.04863 0.06552 
-1.35899 -1.12522 -0.87341 -0.75946 -0.64491 -0.54874 -0.45787 -0.33007 -0.21112 
-2.35869 -1.50778 -1.03547 -0.82476 -0.44182 -0.30214 -0.21613 -0.16991 -0.10079 
-0.05583 -0.03436 -0.02411 -0.01446 -0.00307 0.01376 0.02739 0.04151 0.06409 
0.31905 0.35745 0.38972 0.40188 0.43186 0.45463 0.71057 0.77699 0.83586 
-0.06082 -0.03594 -0.02142 -0.00667 0.00697 0.01867 0.02978 0.05377 0.07211 
-1.15081 -0.85055 -0.49139 -0.27545 -0.01855 0.13116 0.24823 0.59649 1.31797 
-0.06498 -0.03530 -0.02249 -0.00961 0.00041 0.00963 0.01805 0.02755 0.03840 
0.32752 0.39466 0.42582 0.51859 0.57488 0.61254 0.65045 0.86346 1.26452 
-1.96880 -1.10133 -0.79263 -0.42607 -0.19422 0.02215 0.32700 0.91845 1.49772 
-0.05387 -0.03219 -0.01924 -0.00790 0.00567 0.01912 0.02675 0.03882 0.07418 
-0.04932 -0.03956 -0.02531 -0.01237 0.00523 0.01907 0.03041 0.04471 0.06867 
-0.04961 -0.03745 -0.02498 -0.01473 0.00169 0.01302 0.02674 0.03766 0.06273 
-1.67325 -0.79155 -0.39258 -0.16236 0.10238 0.18090 0.65354 1.08697 1.85254 
-1.79345 -1.17865 -1.01679 -0.81233 -0.69393 -0.59201 -0.36607 -0.19814 -0.17562 
-0.11575 -0.09887 -0.07684 -0.06343 -0.04700 -0.03448 -0.02323 -0.00939 0.00374 
-1.34847 -0.84915 -0.61315 -0.22781 -0.03195 0.12147 0.33533 0.78547 1.49242 
-0.06386 -0.04717 -0.02774 -0.00910 0.00633 0.01698 0.02992 0.04942 0.06658 
-1.76957 -0.78597 -0.36063 -0.07919 0.02438 0.17280 0.69774 0.84346 1.61681 
-2.07047 -1.49377 -1.24404 -0.89677 -0.55890 -0.37727 -0.22154 -0.02248 1.60014 
-1.87814 -1.23194 -0.91819 -0.53212 -0.33003 -0.14767 -0.00578 0.40024 2.37815 
0.04724 0.30062 0.41073 0.57205 0.68901 0.82683 0.93141 1.09702 1.49616 
-1.57577 -0.85620 -0.34681 -0.11252 0.07215 0.26028 0.57237 0.84131 1.36829 
-3.03042 -1.62348 -1.06989 -0.73376 -0.33275 -0.23840 -0.17273 -0.10395 -0.05061 
-1.42579 -0.82280 -0.30908 -0.12808 0.03774 0.29794 0.52820 0.91019 1.12174 
-1.73307 -0.70060 -0.35595 -0.07735 0.01719 0.17421 0.68136 0.86865 1.67264 
-1.42616 -0.92408 -0.31009 -0.13381 0.06943 0.29132 0.55600 0.80306 1.26882 
-1.09847 -0.83640 -0.51707 -0.30187 -0.03610 0.13430 0.31435 0.63213 1.35223 
-1.85581 -0.91947 -0.59494 -0.31581 -0.17384 0.11679 0.38339 0.88501 1.30195 
-1.54628 -0.89132 -0.63918 -0.19682 -0.02057 0.09868 0.35374 0.84178 1.53398 
-0.05140 -0.03253 -0.02157 -0.00192 0.00692 0.01694 0.02730 0.04727 0.06427 
-0.07410 -0.04139 -0.01873 -0.00581 0.00824 0.01857 0.02775 0.03524 0.05161 
-1.09421 -0.70872 -0.23885 -0.14739 0.02544 0.25060 0.47350 0.63823 1.04925 
-0.06474 -0.04747 -0.03365 -0.02116 0.00039 0.00816 0.02270 0.03358 0.05013 
-0.06166 -0.04932 -0.03536 -0.02160 -0.00599 0.00860 0.02507 0.03740 0.05724 
-0.06009 -0.03886 -0.02799 -0.01122 0.00048 0.01581 0.02735 0.03942 0.07101 
-0.04395 -0.02451 -0.00742 -0.00070 0.01052 0.01998 0.03888 0.04775 0.06657 
-3.02933 -1.61969 -1.00943 -0.81918 -0.33762 -0.26234 -0.16882 -0.08126 -0.05929 
0.18150 0.23067 0.29594 0.44271 0.61596 0.83430 1.08392 1.12686 2.57099 
-0.10609 -0.09000 -0.08239 -0.07611 -0.06517 -0.05197 -0.02936 -0.01805 0.01223 
-1.92247 -0.73491 -0.38295 -0.07525 0.01279 0.18122 0.56352 0.92764 1.89968 
0.19688 0.26924 0.40042 0.53480 0.69200 0.86711 0.92861 1.02894 2.09404 
-1.91507 -0.98081 -0.55709 -0.19024 -0.02502 0.07872 0.34537 0.75742 1.78361 
0.18030 0.23470 0.33103 0.42767 0.56715 0.78808 0.94407 1.19871 2.34361 
-1.82161 -0.37094 0.04898 0.30044 0.62209 0.89199 1.11564 1.49104 2.22966 
-1.63269 -0.71463 -0.30097 -0.09708 0.02175 0.18261 0.64098 0.84156 1.54204 
-1.10738 -0.75050 -0.45290 -0.32311 -0.03076 0.11306 0.26247 0.60190 1.22901 
-0.91743 -0.65622 -0.42043 -0.22694 -0.01493 0.10477 0.25107 0.60750 0.98921 
-0.05379 -0.03780 -0.02719 -0.00973 0.00151 0.01124 0.02166 0.03741 0.05686 
-1.62987 -0.75828 -0.31286 -0.09289 0.04611 0.19852 0.57489 0.87441 1.56478 
-0.05701 -0.04019 -0.02799 -0.01148 0.00000 0.00757 0.02892 0.04048 0.05715 
-0.07272 -0.05012 -0.03451 -0.01923 -0.01231 0.00042 0.00984 0.02819 0.05402 
-1.09443 -0.86536 -0.47093 -0.28481 -0.04914 0.13801 0.29741 0.56942 1.25187 
0.19099 0.28380 0.39227 0.54163 0.68282 0.83415 0.88281 1.04659 2.04549 
-1.54359 -0.75783 -0.33293 -0.15432 0.12223 0.21753 0.58200 1.02489 1.80803 
-0.63302 -0.38513 -0.26277 -0.13311 0.01570 0.08378 0.12888 0.35274 0.66507 
0.15122 0.25292 0.36324 0.62206 0.68256 0.79360 0.90304 1.07079 2.04658 
-0.69757 -0.47268 -0.18157 -0.07801 0.02266 0.16636 0.34057 0.50001 0.66455 
-2.57256 -1.46553 -1.08201 -0.89097 -0.44260 -0.29951 -0.21338 -0.14422 -0.10354 
-1.47067 -0.38098 0.07334 0.21636 0.40669 0.65736 0.85880 1.02591 1.60645 
-1.39712 -0.92990 -0.58646 -0.24735 -0.04397 0.11280 0.30900 0.71162 1.48455 
-0.78750 -0.49656 -0.17932 -0.07029 0.01869 0.14727 0.31026 0.49600 0.72434 
-2.85412 -1.64259 -1.05259 -0.84164 -0.35479 -0.26428 -0.15926 -0.10806 -0.05305 
-0.06585 -0.03846 -0.02547 -0.01092 0.00668 0.02096 0.03494 0.04509 0.06907 
-1.08251 -1.01571 -0.74245 -0.68196 -0.64437 -0.54725 -0.46204 -0.41095 -0.35199 
0.16434 0.22977 0.26833 0.33771 0.47610 0.87441 1.10302 1.18352 2.71003 
-1.36909 -0.87239 -0.28983 -0.12977 0.03078 0.30810 0.55649 0.82472 1.13845 
-0.05408 -0.04235 -0.02840 -0.01284 0.00134 0.01152 0.02292 0.03028 0.05168 
0.18049 0.34138 0.46555 0.59298 0.68998 0.80375 0.86032 1.05563 1.93615 
-0.30277 -0.27856 -0.26234 -0.24781 -0.23465 -0.22201 -0.20759 -0.19062 -0.15981 
-0.05163 -0.03871 -0.02107 -0.00653 0.00436 0.02241 0.03007 0.04709 0.06420 
0.17472 0.20519 0.25945 0.37398 0.52808 0.85710 1.10603 1.16401 2.62504 
-1.71858 -0.77541 -0.28703 -0.13096 0.04654 0.23224 0.63910 0.90728 1.47044 
-1.85603 -0.74777 -0.38666 -0.06659 0.02541 0.15943 0.52255 0.92263 1.90219 
0.18885 0.20564 0.25047 0.36543 0.60684 0.90007 1.05738 1.15189 2.56013 
-3.02530 -1.61255 -1.03804 -0.84851 -0.36583 -0.23405 -0.13250 -0.07001 -0.03808 
-0.06593 -0.04655 -0.02071 -0.01112 0.00106 0.01173 0.02207 0.04304 0.05698 
-1.17765 -0.67442 -0.21882 -0.12466 0.00635 0.25990 0.45233 0.74043 1.00985 
-2.72483 -1.55988 -1.02980 -0.93572 -0.43103 -0.33172 -0.22688 -0.11287 -0.07398 
0.15120 0.20195 0.26699 0.51690 0.72487 0.86031 0.98765 1.06190 2.18860 
0.34337 0.37850 0.39457 0.40973 0.42646 0.46493 0.65473 0.77145 0.86080 
-2.11143 -1.57918 -1.07121 -0.85377 -0.66470 -0.41341 -0.17736 -0.07519 0.08514 
-0.24801 0.02298 0.29702 0.50051 0.60459 0.74004 0.87336 1.13604 1.36162 
-0.57625 -0.37980 -0.13546 -0.05059 0.03352 0.10157 0.23072 0.37647 0.53717 
-0.04765 -0.02697 -0.01527 -0.00841 -0.00180 0.01214 0.03207 0.04388 0.06466 
0.17674 0.24820 0.32457 0.39393 0.70639 0.85987 1.02035 1.08483 2.45863 
-0.05658 -0.03324 -0.02661 -0.01689 -0.00623 0.00598 0.02537 0.04293 0.06728 
0.15504 0.20288 0.27731 0.39194 0.56204 0.89908 1.07919 1.24639 2.73724 
-0.73688 -0.68380 -0.61537 -0.53014 -0.50035 -0.45518 -0.42069 -0.38419 -0.34166 
-0.72917 -0.50086 -0.33127 -0.21147 0.01321 0.09826 0.17234 0.47395 0.83370 
-0.15859 -0.10284 -0.07357 -0.03940 -0.01046 0.01197 0.03753 0.07450 0.14665 
-0.05569 -0.04214 -0.01802 -0.00787 0.00129 0.01071 0.01718 0.02897 0.05264 
-0.05562 -0.04426 -0.02302 -0.00675 0.00852 0.01887 0.03421 0.04752 0.06718 
-0.39070 -0.21489 0.08943 0.27064 0.35195 0.48611 0.58018 0.69025 1.01287 
0.14463 0.23574 0.35682 0.43098 0.66798 0.81604 1.02052 1.09689 2.45126 
0.18151 0.23580 0.28698 0.38469 0.55314 0.85870 1.11267 1.17107 2.74150 
-2.14640 -1.23535 -1.08266 -0.79860 -0.68327 -0.56894 -0.27206 -0.22644 -0.15558 
-1.57559 -0.33206 0.03565 0.31044 0.58487 0.78750 1.02325 1.44510 2.09736 
-1.73105 0.03565 0.25285 0.37807 0.56354 0.90991 1.17806 1.54548 2.46415 
0.21197 0.24107 0.26593 0.29857 0.34413 0.42573 0.46277 0.47647 0.50737 
0.19714 0.23487 0.30336 0.38752 0.61960 0.85461 1.07477 1.13973 2.51488 
-0.05594 -0.03849 -0.02520 -0.01791 0.00037 0.01724 0.03133 0.05109 0.06677 
0.34293 0.40198 0.42352 0.45447 0.47742 0.50020 0.65150 0.79244 0.90231 
-0.05754 -0.04384 -0.02650 -0.01343 -0.00411 0.00369 0.01834 0.03779 0.04983 
0.33914 0.38246 0.41202 0.42977 0.44662 0.47683 0.64750 0.77418 0.85381 
-1.42731 -0.81536 -0.25542 -0.12332 0.04294 0.29449 0.55884 0.83973 1.24986 
-0.07198 -0.05255 -0.03686 -0.02926 -0.01345 0.00804 0.02596 0.04685 0.06634 
-3.02825 -1.65895 -1.06688 -0.75866 -0.38904 -0.25417 -0.19266 -0.09346 -0.02920 
-2.17343 -0.91463 -0.50717 -0.16230 -0.00942 0.06369 0.39715 0.75076 1.91203 
-1.71988 -0.77018 -0.39051 -0.06806 0.02599 0.16721 0.57337 0.88825 1.71992 
0.18550 0.24221 0.29659 0.38628 0.56075 0.89002 1.11799 1.18984 2.75083 
0.13666 0.21772 0.28380 0.51258 0.70172 0.80572 0.99830 1.05795 2.28085 
-1.28178 -0.18304 0.20801 0.43885 0.60253 0.97771 1.25361 1.68520 2.32193 
0.28632 0.30877 0.33662 0.35212 0.38399 0.41196 0.59037 0.64725 0.67744 
-0.82070 -0.50706 -0.19228 -0.09864 0.01898 0.16705 0.32868 0.51895 0.80557 
-0.06197 -0.04982 -0.03566 -0.01942 -0.01303 -0.00011 0.00776 0.02335 0.04843 
-2.08857 -0.99109 -0.45594 -0.16012 -0.01821 0.06226 0.36067 0.71164 1.88009 
-0.06085 -0.03190 -0.01600 -0.00281 0.00584 0.02047 0.02841 0.04164 0.06212 
-0.05558 -0.03656 -0.02642 -0.00845 -0.00256 0.00987 0.01831 0.04262 0.06330 
-2.74871 -1.77899 -1.36677 -0.82733 -0.42734 -0.28243 -0.11742 -0.05659 1.01379 
-2.12058 -0.19766 0.11924 0.30471 0.44259 0.63958 1.04532 1.45487 2.03775 
-0.98441 -0.69425 -0.45986 -0.27284 -0.02105 0.12530 0.27590 0.59941 1.01681 
-0.08244 -0.05552 -0.04082 -0.02282 -0.00911 0.00527 0.02585 0.05411 0.10908 
-0.99457 -0.94052 -0.71856 -0.66977 -0.59956 -0.50976 -0.49047 -0.44710 -0.36033 
-1.38077 -0.83533 -0.28414 -0.11170 0.02762 0.28088 0.55309 0.81560 1.12129 
-1.39574 -0.86915 -0.63712 -0.20764 -0.02440 0.10255 0.28825 0.82436 1.59126 
-2.32102 -0.37061 0.05096 0.10818 0.31711 0.62680 0.90550 1.13296 2.17249 
-0.05644 -0.03971 -0.02028 -0.00306 0.01028 0.02002 0.03002 0.04512 0.06728 
0.16679 0.21740 0.28909 0.37857 0.58516 0.86679 1.05095 1.19190 2.67035 
-0.04911 -0.03199 -0.01602 -0.00369 0.01224 0.02123 0.03130 0.04371 0.06038 
-1.73257 -0.70488 -0.29600 -0.10000 0.02256 0.18637 0.57237 0.89758 1.49177 
0.11677 0.20445 0.28404 0.38147 0.54096 0.82085 1.16456 1.22015 2.84520 
-1.56857 0.04076 0.24665 0.34687 0.59215 0.90108 1.17199 1.50780 2.27045 
0.16952 0.26256 0.35654 0.54640 0.68229 0.78966 0.98663 1.04929 2.26099 
-1.23860 -0.97667 -0.54714 -0.23322 -0.04486 0.11052 0.29490 0.80298 1.49390 
-1.80957 -0.28169 0.09920 0.23024 0.46649 0.73366 1.07822 1.23348 2.00134 
-2.32181 -1.64338 -1.09617 -0.76317 -0.56026 -0.37044 -0.11313 0.10723 0.81696 
-0.05889 -0.03969 -0.03364 -0.02339 -0.00371 0.00726 0.02012 0.03349 0.04264 
-1.84736 -0.50660 -0.03849 0.11478 0.24932 0.55990 0.82476 0.98950 1.42548 
-2.06140 -0.58424 -0.08681 0.22564 0.54941 0.76900 1.06654 1.39633 1.93882 
-1.41382 -0.96086 -0.28134 -0.11112 0.05451 0.29212 0.54851 0.87275 1.21048 
0.15720 0.26832 0.41158 0.61157 0.74468 0.81494 0.91404 1.07226 2.04685 
-0.12204 -0.06360 -0.03686 -0.01950 0.00335 0.03280 0.05703 0.07689 0.11536 
-1.32971 -0.89336 -0.28743 -0.11360 0.04442 0.25809 0.57618 0.83441 1.22696 
-2.81809 -1.62003 -1.05320 -0.85543 -0.36685 -0.28544 -0.20904 -0.10714 -0.06175 
0.24343 0.32838 0.45864 0.56955 0.63643 0.71721 0.79042 1.06484 1.71807 
-1.05267 -0.78681 -0.48848 -0.27655 -0.00817 0.12381 0.25488 0.58623 1.30891 
-1.39771 -0.91264 -0.62616 -0.26141 -0.03602 0.10206 0.29930 0.72477 1.62158 
0.19401 0.30049 0.46241 0.57020 0.68351 0.77486 0.82141 1.07213 1.77683 
-1.77596 -1.28095 -0.97409 -0.79609 -0.51237 -0.29308 -0.12882 0.31444 1.56341 
0.34483 0.36562 0.37797 0.39402 0.41308 0.44746 0.64337 0.71622 0.78191 
0.23787 0.36334 0.51837 0.61180 0.66928 0.72866 0.78855 1.07149 1.71740 
0.17442 0.23251 0.32569 0.37998 0.53712 0.77147 1.17756 1.23321 2.84770 
-0.06192 -0.03802 -0.01229 -0.00300 0.00454 0.01313 0.02531 0.04215 0.06779 
-0.63154 -0.38709 -0.06102 0.20812 0.32598 0.44205 0.59785 0.79522 1.18977 
-2.46174 -1.63265 -1.16095 -0.82134 -0.45617 -0.31609 -0.12200 -0.00918 1.99864 
-2.26102 -1.64388 -1.14221 -0.67972 -0.56152 -0.24949 -0.11584 0.05334 1.81946 
-3.04101 -1.66670 -1.09831 -0.71458 -0.37871 -0.26877 -0.17384 -0.08488 -0.02735 
-0.07108 -0.05664 -0.03794 -0.01860 -0.00717 0.01184 0.02154 0.04193 0.06118 
-1.17707 -0.88247 -0.56522 -0.26351 -0.05543 0.15922 0.29246 0.69333 1.37357 
0.17482 0.23385 0.32756 0.47931 0.68260 0.79252 1.03025 1.07083 2.37843 
-2.15266 -1.21962 -1.06648 -0.82488 -0.71973 -0.40773 -0.22806 -0.19532 -0.16623 
-1.25216 -0.46545 -0.03031 0.13239 0.24419 0.51140 0.80036 0.98672 1.19903 
-0.92609 -0.59351 -0.18296 -0.10939 -0.02135 0.20083 0.36160 0.61967 0.84557 
-1.04138 -0.71427 -0.43694 -0.25199 0.01343 0.14180 0.26101 0.62043 1.11105 
-1.63965 -0.76784 -0.33803 -0.13128 0.06379 0.23205 0.63220 0.93015 1.40677 
0.17078 0.19465 0.29984 0.41811 0.62435 0.75994 1.04681 1.08472 2.49176 
-1.86840 -0.85176 -0.62068 -0.17036 -0.05183 0.20786 0.43775 0.79308 1.35230 
-1.12125 -0.61949 -0.27514 -0.11560 0.01686 0.24050 0.43661 0.70381 1.01998 
-1.62778 -0.68913 -0.31082 -0.08357 0.03328 0.19135 0.64860 0.86467 1.65161 
-0.06015 -0.04406 -0.03500 -0.01480 -0.00615 0.00425 0.01604 0.04107 0.06744 
-1.17948 -0.85074 -0.51387 -0.30186 -0.03986 0.12494 0.29592 0.72862 1.33415 
-0.05343 -0.03286 -0.02398 -0.01456 -0.00465 0.01034 0.02218 0.02661 0.04773 
0.12475 0.18540 0.29314 0.34703 0.45214 0.84803 1.12785 1.27129 2.93563 
-1.26196 -0.95098 -0.64624 -0.24717 -0.03663 0.08509 0.33022 0.75551 1.60024 
-1.24605 -0.97642 -0.59289 -0.23783 -0.01680 0.09930 0.31390 0.76612 1.50432 
0.14997 0.20215 0.29084 0.36438 0.58843 0.81412 1.10302 1.21628 2.83855 
-1.86548 -1.17512 -1.03267 -0.74534 -0.67268 -0.60203 -0.45847 -0.24712 -0.18906 
-0.89758 -0.76442 -0.46176 -0.27217 -0.07191 0.13383 0.25231 0.66700 1.06372 
-0.88640 -0.59932 -0.37261 -0.15857 -0.02377 0.07463 0.20644 0.55458 0.89887 
-1.00123 -0.94420 -0.71901 -0.66480 -0.61921 -0.56540 -0.50047 -0.42597 -0.35304 
0.15297 0.30404 0.44937 0.59895 0.68130 0.77548 0.87361 1.07531 1.88308 
-0.04676 -0.03293 -0.02237 -0.01313 -0.00549 0.00599 0.01634 0.03163 0.04906 
-0.06564 -0.04157 -0.03005 -0.01853 -0.00340 0.00556 0.01773 0.03606 0.05285 
-1.84191 -1.17713 -1.01313 -0.77008 -0.67881 -0.57746 -0.43218 -0.28554 -0.20071 
0.09879 0.16726 0.25565 0.38618 0.52995 0.75165 1.01776 1.20201 2.07978 
-1.14333 -0.64534 -0.28219 -0.07745 0.03854 0.24275 0.40064 0.69410 0.94369 
0.38838 0.42975 0.47810 0.52056 0.54916 0.58479 0.63872 0.95352 1.19349 
-0.06511 -0.04758 -0.03633 -0.02336 -0.01413 -0.00262 0.01562 0.03358 0.05319 
-2.79002 -1.56655 -1.04683 -0.89854 -0.37730 -0.28795 -0.20461 -0.10638 -0.05847 
-1.61914 -1.09956 -0.93811 -0.78743 -0.68755 -0.55905 -0.39288 -0.25271 -0.19523 
-1.50099 -0.88996 -0.65116 -0.19121 -0.02129 0.11354 0.34667 0.82352 1.51912 
-0.56907 -0.36846 -0.15416 -0.06564 0.01282 0.09234 0.26118 0.41987 0.57384 
-0.06170 -0.03434 -0.02688 -0.01296 -0.00039 0.01107 0.03038 0.04696 0.06963 
-1.80965 -0.76754 -0.42633 -0.06904 0.02269 0.15556 0.62672 0.88835 1.66450 
-1.64350 -0.72976 -0.29218 -0.09792 0.04790 0.23473 0.66681 0.89497 1.35855 
-1.38635 -0.72714 -0.26532 -0.15299 0.02531 0.29018 0.49370 0.83339 1.08174 
0.18618 0.29659 0.43814 0.54526 0.68975 0.78825 0.90045 1.07215 2.06416 
-1.23912 -0.66339 -0.32928 -0.24384 -0.05461 0.14134 0.36495 0.60717 0.97014 
-0.05266 -0.03966 -0.02499 -0.01185 -0.00839 0.00505 0.02297 0.03396 0.05917 
-1.37189 -1.11744 -0.87396 -0.75377 -0.64233 -0.57652 -0.52422 -0.33124 -0.18598 
-0.49757 -0.33797 -0.25092 -0.14620 -0.01832 0.04781 0.12715 0.29354 0.53861 
-1.21926 -0.83781 -0.26080 -0.13232 0.01081 0.25605 0.51182 0.80013 1.04128 
-0.15801 0.16553 0.24496 0.47431 0.55497 0.80624 1.19819 1.51712 2.72309 
-0.07250 -0.05161 -0.02527 -0.01736 -0.00628 0.00307 0.02986 0.04508 0.05990 
-1.81143 -1.27088 -1.00972 -0.78621 -0.62516 -0.48641 -0.32345 -0.24221 -0.18013 
-0.04510 -0.02786 -0.01606 -0.00432 0.00127 0.01897 0.02885 0.04772 0.07104 
-0.76398 -0.47840 -0.18376 -0.08898 0.05466 0.16147 0.35096 0.52029 0.74159 
-0.80594 -0.55891 -0.30539 -0.19749 0.00231 0.11816 0.20227 0.54669 0.89288 
0.12650 0.18392 0.22518 0.32783 0.48308 0.83517 1.18651 1.27034 2.86591 
-0.79901 -0.45241 -0.20709 -0.09172 0.01086 0.16288 0.32322 0.48949 0.75059 
-1.99789 -0.70864 -0.38260 -0.06277 0.01813 0.16111 0.50897 0.96467 1.75541 
-1.08587 -0.83865 -0.50322 -0.22245 -0.03286 0.14040 0.27358 0.62471 1.35814 
-0.59721 -0.39960 -0.14897 -0.07332 0.01512 0.13371 0.27092 0.39626 0.54981 
-0.99819 -0.59296 -0.21210 -0.11680 0.01218 0.19834 0.40842 0.65414 0.90379 
-2.07390 -1.18233 -1.05039 -0.83505 -0.70883 -0.52861 -0.29221 -0.21262 -0.18649 
-0.05475 -0.02976 -0.01472 -0.00605 0.00298 0.02124 0.04126 0.05655 0.06801 
-2.15907 -1.27953 -1.12444 -0.87699 -0.70160 -0.31770 -0.22237 -0.18543 -0.13402 
-1.87512 -1.34606 -1.02754 -0.82487 -0.58621 -0.45733 -0.29770 -0.18870 -0.11314 
-0.80200 -0.58179 -0.34522 -0.19600 0.00978 0.10690 0.23488 0.48027 0.93077 
0.18964 0.22949 0.29434 0.47330 0.70768 0.79009 1.04239 1.09353 2.40551 
-2.18901 -0.97752 -0.19494 0.04662 0.24024 0.44141 0.83695 1.37701 1.80716 
-0.06644 -0.04258 -0.02266 -0.00786 0.00036 0.01956 0.03125 0.04547 0.06610 
-1.70300 -0.88618 -0.61001 -0.17765 -0.01683 0.08760 0.41660 0.82588 1.57869 
-0.05201 -0.02816 -0.01766 -0.00413 0.00398 0.01602 0.02832 0.04837 0.05935 
-0.07413 -0.04951 -0.02641 -0.01460 -0.00557 0.00413 0.01467 0.03211 0.05219 
-0.04766 -0.02750 -0.01374 -0.00579 0.00200 0.01385 0.02688 0.04505 0.06885 
-0.07438 -0.04357 -0.03029 -0.01323 -0.00603 0.00548 0.02293 0.03962 0.06554 
0.00355 0.07667 0.22650 0.40113 0.55852 0.91089 1.07222 1.72522 2.51193 
-2.28490 -1.32586 -1.00949 -0.79565 -0.66661 -0.45158 -0.26219 -0.19484 -0.13819 
-0.05647 -0.02349 -0.01433 -0.00715 0.00105 0.01687 0.02938 0.03714 0.05567 
-0.35955 -0.33243 -0.30979 -0.29795 -0.28111 -0.26285 -0.24468 -0.22900 -0.20781 
-1.14349 -0.20864 0.24584 0.44556 0.61100 0.86102 1.24755 1.51728 1.89787 
-2.34463 -1.48090 -1.10134 -0.74469 -0.57115 -0.33061 -0.19012 -0.02829 0.26042 
-2.56073 -1.48736 -1.03892 -0.90467 -0.52177 -0.30871 -0.27293 -0.18639 -0.09613 
-1.56737 -0.66931 -0.31645 -0.09329 0.00513 0.18484 0.58454 0.80804 1.62113 
0.18221 0.25470 0.34261 0.41464 0.73594 0.86252 1.04632 1.09696 2.47236 
-2.35798 -1.47166 -1.03225 -0.77908 -0.49643 -0.32750 -0.23407 -0.17640 -0.09951 
-2.48611 -1.45793 -1.02583 -0.85326 -0.63481 -0.29500 -0.22206 -0.18127 -0.10577 
-2.27512 -1.36230 -1.10675 -0.84420 -0.63535 -0.41156 -0.24194 -0.19730 -0.14610 
-2.55779 -1.47781 -1.14865 -0.95152 -0.60314 -0.33093 -0.22324 -0.08910 -0.00674 
-1.21847 -1.04580 -0.82971 -0.77914 -0.64598 -0.58270 -0.51189 -0.43889 -0.27288 
-2.63785 -1.54731 -1.06290 -0.95080 -0.44072 -0.27347 -0.20659 -0.15020 -0.07720 
0.35592 0.40848 0.45754 0.48588 0.50552 0.53455 0.62169 0.92446 1.03897 
-1.30762 -0.37039 0.04869 0.20920 0.36311 0.65718 0.83159 1.10234 1.37783 
-1.28113 -0.96409 -0.59301 -0.25733 -0.03946 0.10572 0.29760 0.75281 1.50632 
-0.06027 -0.03506 -0.01700 -0.01210 0.00059 0.01250 0.03403 0.05544 0.06887 
-0.46024 -0.42974 -0.39040 -0.36154 -0.33980 -0.31876 -0.29637 -0.26088 -0.22302 
-1.47918 -1.23720 -0.96725 -0.82130 -0.68753 -0.49470 -0.35340 -0.24597 -0.08579 
-0.34384 -0.24147 -0.14571 -0.07194 0.01139 0.03792 0.08521 0.22893 0.39842 
0.19980 0.28728 0.33171 0.47689 0.66142 0.81791 0.99616 1.12162 2.45346 
-0.27441 0.18926 0.34867 0.51739 0.70308 0.84802 1.03612 1.34782 2.02086 
-0.06332 -0.04086 -0.02974 -0.01553 0.00472 0.02411 0.04005 0.05568 0.08067 
0.12247 0.21265 0.25860 0.35000 0.53662 0.71114 1.06036 1.25367 2.17684 
-1.61037 -0.76804 -0.32259 -0.11666 0.02717 0.23483 0.59317 0.91192 1.34021 
-0.07291 -0.05120 -0.02703 -0.00938 -0.00271 0.01131 0.02077 0.03057 0.04410 
-1.10278 -0.82564 -0.48016 -0.27375 -0.04809 0.12638 0.32062 0.64889 1.27501 
-0.43390 -0.39685 -0.37950 -0.36048 -0.32609 -0.30207 -0.28372 -0.26657 -0.23654 
0.32693 0.37806 0.41064 0.44152 0.46747 0.49265 0.64863 0.79847 0.89283 
-1.24738 -0.19894 0.20286 0.41603 0.64453 0.89317 1.18853 1.51333 2.02660 
-2.14767 -1.23189 -1.07826 -0.86836 -0.69967 -0.40200 -0.25612 -0.20964 -0.18125 
-0.05710 -0.03681 -0.01693 -0.00900 0.00053 0.01272 0.02678 0.03884 0.07012 
0.08801 0.22505 0.31608 0.35573 0.45640 0.88445 1.12905 1.29587 2.91989 
0.17010 0.25583 0.35170 0.48263 0.69977 0.82722 1.00937 1.03595 2.24024 
-2.25401 -1.48830 -1.00837 -0.87242 -0.73569 -0.38196 -0.17664 -0.07326 0.13460 
-1.13326 -0.57159 -0.28226 -0.11881 0.03967 0.29348 0.44720 0.72821 0.99850 
-0.62174 -0.07076 0.15641 0.32394 0.47855 0.56670 0.71539 0.85159 1.12584 
0.15970 0.21331 0.27365 0.44616 0.73662 0.83130 1.03519 1.07758 2.34448 
-2.23335 -0.19013 0.09545 0.26960 0.46280 0.64991 0.97688 1.41233 2.11601 
-2.60080 -0.29745 0.01144 0.08076 0.27409 0.46339 0.90225 1.21558 2.20003 
0.08011 0.14722 0.28004 0.38995 0.46264 0.51923 0.61897 0.75181 0.92304 
0.16858 0.21951 0.26989 0.33996 0.50768 0.88196 1.10401 1.20977 2.83203 
-1.93426 -0.71708 -0.39922 -0.07380 0.01019 0.17479 0.52799 0.88039 1.78215 
-2.05154 -1.66091 -1.09405 -0.81516 -0.61480 -0.44419 -0.13823 0.14936 0.66223 
-0.06420 -0.03923 -0.03036 -0.01635 0.01108 0.01723 0.03520 0.05581 0.07852 
-3.09518 -1.65338 -1.01041 -0.77777 -0.32584 -0.23159 -0.12298 -0.06760 -0.03782 
0.15001 0.21637 0.34569 0.52657 0.68864 0.81156 0.92363 1.04050 2.11141 
-0.04897 -0.03221 -0.01173 -0.00140 0.00587 0.01168 0.02388 0.03889 0.05124 
-1.10766 -0.85297 -0.46474 -0.29935 -0.04852 0.14181 0.25459 0.69018 1.24557 
-2.45405 -1.65344 -1.20635 -0.79017 -0.41173 -0.27687 -0.14528 -0.02158 2.01143 
-1.92371 -1.21342 -1.06307 -0.84549 -0.68430 -0.32573 -0.23564 -0.17546 -0.12735 
0.20099 0.23983 0.28812 0.43347 0.59105 0.87332 1.06692 1.11447 2.57372 
-1.61976 -0.79421 -0.30656 -0.10256 0.04741 0.22976 0.56669 0.86460 1.27824 
-2.21191 -1.28342 -1.09273 -0.85427 -0.68829 -0.37811 -0.27409 -0.20354 -0.16512 
0.17301 0.24100 0.29896 0.41352 0.55907 0.84390 1.08839 1.13542 2.59544 
-1.55606 -0.75162 -0.36849 -0.08733 0.03739 0.16835 0.63617 0.87852 1.55817 
-0.05578 -0.04300 -0.02382 -0.01325 -0.00203 0.01117 0.02560 0.04308 0.05475 
-1.08863 -0.79031 -0.46070 -0.27494 -0.04587 0.16850 0.24892 0.59845 1.13917 
0.24347 0.39385 0.50885 0.55168 0.65539 0.72514 0.78132 1.08104 1.69780 
-1.37714 -0.93029 -0.62563 -0.22893 -0.02730 0.10946 0.28593 0.87147 1.55929 
0.05303 0.15813 0.27128 0.37235 0.43706 0.52886 0.62312 0.74630 0.96841 
-2.55368 -1.47933 -1.04906 -0.93710 -0.55064 -0.30841 -0.24885 -0.17040 -0.12583 
-2.50583 -1.69755 -1.26681 -0.71815 -0.39441 -0.28617 -0.16233 -0.01243 1.92726 
-0.45113 -0.41176 -0.37432 -0.35316 -0.33853 -0.31978 -0.29452 -0.27685 -0.25214 
0.18706 0.22905 0.28604 0.43537 0.66536 0.81322 1.03620 1.10864 2.53241 
-0.06294 -0.04401 -0.02776 -0.01775 -0.00144 0.01062 0.02677 0.04732 0.06331 
-1.27363 -0.86209 -0.47214 -0.24382 0.04961 0.19366 0.39506 0.89097 1.52393 
0.15830 0.24032 0.27234 0.37202 0.48145 0.76997 0.96167 1.31686 2.59624 
-0.06045 -0.03460 -0.01071 -0.00162 0.00610 0.01668 0.03279 0.04947 0.06344 
-0.76896 -0.52553 -0.34318 -0.18137 -0.02518 0.12598 0.17316 0.46518 0.81317 
-2.51387 -1.38063 -0.99195 -0.79180 -0.46127 -0.31444 -0.24209 -0.17241 -0.10188 
-1.66967 -0.82912 -0.31238 -0.09831 0.02529 0.22165 0.62273 0.86961 1.46892 
-2.57939 -1.68372 -1.02072 -0.80502 -0.39390 -0.29124 -0.14760 -0.08209 -0.01518 
-0.13424 -0.04907 0.04251 0.10400 0.18962 0.22924 0.31267 0.36895 0.50932 
-2.62851 -1.52467 -1.04521 -0.93179 -0.48706 -0.29248 -0.21367 -0.16215 -0.09019 
0.20324 0.24101 0.29966 0.39263 0.55046 0.88624 1.10071 1.18129 2.67736 
-0.05114 -0.03184 -0.02296 -0.01094 -0.00434 0.00715 0.02552 0.03963 0.06951 
-1.72522 -0.73818 -0.38301 -0.06853 0.02232 0.18384 0.56897 0.89924 1.69913 
-0.05186 -0.04086 -0.02870 -0.01471 -0.00098 0.01151 0.02633 0.03501 0.06672 
-1.68966 -0.68809 -0.29119 -0.09772 0.03443 0.17143 0.60817 0.86383 1.62325 
0.15492 0.25714 0.40662 0.54618 0.70359 0.81370 0.94190 1.06847 2.06941 
-1.56978 -0.73160 -0.35983 -0.09864 0.02742 0.18377 0.60149 0.84722 1.52086 
-2.00749 -0.92801 -0.53377 -0.16079 -0.01281 0.06319 0.29464 0.68934 1.80921 
-1.74966 -1.19510 -0.79456 -0.40535 -0.16710 -0.03659 0.04175 0.25685 1.89517 
-1.45572 -0.90043 -0.66018 -0.22604 -0.02622 0.10224 0.29366 0.89452 1.60477 
-0.34893 -0.31262 -0.29345 -0.28297 -0.26256 -0.24931 -0.23518 -0.21972 -0.19590 
-1.07287 -0.83827 -0.50558 -0.31901 -0.00185 0.12600 0.28881 0.61993 1.27774 
-0.20286 -0.17633 -0.16423 -0.15262 -0.14306 -0.13662 -0.12525 -0.11509 -0.08480 
-0.05853 -0.03005 -0.01480 -0.00572 0.00510 0.01665 0.02349 0.04880 0.06100 
-0.69671 -0.26425 0.20767 0.46979 0.65449 0.82227 1.07313 1.34137 1.62281 
-1.30664 -0.87424 -0.27870 -0.11831 0.02004 0.29921 0.53079 0.82078 1.14589 
0.31433 0.34699 0.36810 0.38265 0.39945 0.43566 0.65624 0.70729 0.74947 
0.12139 0.29872 0.48836 0.60703 0.65908 0.76406 0.83011 1.09264 1.80169 
-1.46226 -0.93478 -0.61155 -0.24798 -0.02825 0.09755 0.34036 0.85776 1.57201 
-1.80078 -1.16753 -1.02104 -0.79005 -0.69789 -0.57903 -0.37740 -0.23173 -0.18019 
-2.14177 -1.21922 -1.07246 -0.86432 -0.69439 -0.41266 -0.24471 -0.20190 -0.16367 
0.17799 0.22840 0.28075 0.39112 0.57910 0.85609 1.09763 1.13195 2.59967 
-1.20341 -0.89410 -0.52900 -0.24594 -0.00202 0.14503 0.34810 0.84764 1.50235 
-0.90838 -0.53549 -0.19215 -0.11340 -0.00012 0.15441 0.34722 0.58160 0.79064 
-2.58825 -1.46560 -1.04486 -0.87087 -0.61445 -0.28004 -0.23081 -0.15955 -0.09435 
-1.87490 -1.42281 -1.00536 -0.86871 -0.56246 -0.38404 -0.27996 -0.21322 -0.08054 
-2.82471 -1.48937 -1.00869 -0.80342 -0.42431 -0.27936 -0.19529 -0.10564 -0.04085 
-0.75386 -0.53435 -0.39118 -0.21759 0.00459 0.08173 0.17931 0.55380 0.88207 
-0.21276 -0.15954 -0.09314 -0.04871 -0.00643 0.03200 0.07374 0.15025 0.23779 
-0.57147 -0.39628 -0.23789 -0.12113 -0.02652 0.08729 0.18942 0.33927 0.64235 
-2.87774 -1.60697 -1.03588 -0.86254 -0.34127 -0.24082 -0.17254 -0.12488 -0.07876 
-1.37163 -0.86497 -0.28672 -0.14911 0.04894 0.28878 0.52323 0.84808 1.09202 
0.12662 0.21266 0.27992 0.36778 0.50912 0.78261 1.02642 1.21064 2.71821 
-1.07930 -0.75562 -0.47104 -0.27505 0.00067 0.14357 0.23638 0.66359 1.09572 
-1.72679 -0.93465 -0.57868 -0.20917 -0.02140 0.08278 0.40325 0.81353 1.54452 
-2.16242 -1.55409 -1.04167 -0.72188 -0.55577 -0.28651 0.08000 0.47232 2.32359 
-0.05739 -0.03566 -0.02136 -0.00941 0.00013 0.01638 0.02271 0.04400 0.06739 
-1.73516 -0.66361 -0.37662 -0.08140 0.01685 0.19839 0.67710 0.87984 1.69480 
-0.75902 -0.37783 0.10600 0.33129 0.46696 0.66595 0.85199 1.10114 1.53144 
-1.65514 -1.17491 -0.94899 -0.80251 -0.72902 -0.61400 -0.44868 -0.26254 -0.21659 
-0.06059 -0.05050 -0.02893 -0.00731 0.00380 0.01302 0.02528 0.03574 0.05813 
-1.60326 -0.70688 -0.32769 -0.09238 0.03433 0.20324 0.66186 0.85716 1.57706 
0.37347 0.43694 0.47400 0.52146 0.55460 0.58078 0.61850 0.94827 1.15210 
-2.19287 -1.29453 -1.10982 -0.79903 -0.66857 -0.38013 -0.24290 -0.20272 -0.15595 
-2.67185 -1.54556 -1.03404 -0.93878 -0.39464 -0.27369 -0.21618 -0.14608 -0.08882 
-1.43001 -0.93964 -0.62917 -0.23368 -0.05423 0.11162 0.29311 0.76400 1.60798 
-2.77145 -1.54557 -1.02073 -0.89249 -0.38945 -0.25732 -0.21825 -0.12309 -0.07664 
0.27675 0.29517 0.31128 0.33029 0.35685 0.45357 0.56721 0.63115 0.66159 
-0.61086 -0.25369 0.29546 0.46456 0.61238 0.79195 1.02506 1.37517 1.60090 
0.17383 0.20920 0.28104 0.41282 0.59592 0.91268 1.07981 1.13642 2.60610 
-0.06765 -0.04376 -0.02550 -0.01516 0.00612 0.02066 0.03570 0.04498 0.08054 
-1.81799 -0.72898 -0.43210 -0.07511 0.01815 0.18214 0.62107 0.85785 1.72825 
-0.05472 -0.03372 -0.02335 -0.01521 -0.00528 0.01498 0.02303 0.03594 0.05674 
0.22763 0.38423 0.47501 0.53461 0.60083 0.71630 0.78248 1.05662 1.67913 
-1.70140 -0.90801 -0.58569 -0.20987 -0.02459 0.07701 0.39319 0.95485 1.53172 
-0.06706 -0.03866 -0.02327 -0.00876 -0.00134 0.01099 0.02508 0.03784 0.05282 
-0.10904 -0.09609 -0.08363 -0.06866 -0.05875 -0.04256 -0.03489 -0.01532 -0.00090 
-2.24691 -1.33076 -1.02606 -0.81565 -0.67775 -0.38565 -0.25966 -0.22016 -0.13698 
-1.29835 -0.87738 -0.30243 -0.11359 0.03316 0.29415 0.51198 0.80861 1.19463 
0.19303 0.24633 0.33926 0.46464 0.68694 0.78690 1.05212 1.09577 2.43149 
-0.05381 -0.04039 -0.02769 -0.01686 -0.00701 0.01084 0.01840 0.02810 0.05599 
0.19623 0.27193 0.34676 0.52149 0.72757 0.82900 1.02016 1.05526 2.32301 
0.15209 0.26263 0.32807 0.35869 0.39540 0.44538 0.52450 0.60175 0.69100 
-0.07139 -0.05050 -0.03294 -0.01219 0.00227 0.01619 0.02983 0.03810 0.06148 
-0.05688 -0.03904 -0.02311 -0.00816 0.00649 0.01963 0.03287 0.04803 0.07124 
-0.06513 -0.04647 -0.02485 -0.01350 0.00783 0.01873 0.03448 0.05917 0.06973 
-2.01966 -1.46429 -1.31716 -0.87239 -0.50272 -0.36931 -0.19365 0.04636 1.59501 
-1.14626 -0.59035 -0.10872 0.03525 0.18252 0.36524 0.69314 0.83097 1.19572 
-1.69452 -0.77728 -0.31039 -0.11328 0.04402 0.22500 0.57218 0.88651 1.45057 
-2.27769 -1.35390 -1.05440 -0.89246 -0.72022 -0.29377 -0.25438 -0.20829 -0.14614 
-0.06080 -0.03811 -0.02625 -0.01082 -0.00255 0.00423 0.01809 0.03160 0.04792 
-2.63793 -1.52733 -1.05818 -0.92074 -0.46765 -0.30173 -0.23174 -0.18101 -0.10162 
-0.06004 -0.04571 -0.02190 -0.00891 0.00372 0.01111 0.03133 0.03672 0.05737 
-0.44738 -0.40717 -0.38252 -0.36796 -0.35125 -0.32293 -0.30545 -0.29262 -0.24713 
0.11498 0.26796 0.38844 0.59367 0.67075 0.74874 0.87452 1.01493 1.34730 
-0.99222 -0.92176 -0.71059 -0.65865 -0.62767 -0.56352 -0.48631 -0.38972 -0.34792 
-0.16710 -0.09593 -0.05432 -0.02893 0.00350 0.03216 0.05977 0.10278 0.16058 
-0.81315 -0.49905 -0.19903 -0.08390 0.01976 0.18855 0.32356 0.50177 0.74437 
0.17979 0.22515 0.26040 0.37618 0.61977 0.84599 1.06948 1.12281 2.54471 
-0.10376 -0.07504 -0.04529 -0.01257 0.00566 0.01963 0.03710 0.07302 0.10163 
-0.06324 -0.04893 -0.04236 -0.01888 -0.00741 0.00580 0.01141 0.02965 0.04455 
-0.06005 -0.04546 -0.02159 -0.01096 -0.00415 0.00905 0.02434 0.03906 0.05229 
-0.05643 -0.03843 -0.02323 -0.01186 -0.00013 0.00925 0.02256 0.03797 0.06007 
0.12492 0.24249 0.32551 0.47742 0.67263 0.77253 1.02556 1.32189 1.94923 
0.18715 0.23711 0.30874 0.40595 0.62835 0.83273 1.06994 1.12061 2.55170 
-1.52353 -0.32366 0.10098 0.34405 0.62454 0.83006 1.03885 1.47586 2.17127 
-0.05760 -0.03338 -0.02291 -0.01246 -0.00291 0.00146 0.01899 0.03717 0.05959 
-3.02660 -1.65832 -1.11706 -0.75232 -0.34264 -0.21802 -0.13483 -0.07421 -0.05610 
-0.05108 -0.03637 -0.02211 -0.01261 0.00019 0.01429 0.03180 0.04398 0.07021 
-0.91677 -0.54893 -0.22071 -0.11600 0.02336 0.20936 0.37717 0.59637 0.92717 
-0.05724 -0.03614 -0.01810 -0.00340 0.00773 0.02028 0.03175 0.04704 0.07632 
0.29674 0.31806 0.33927 0.36208 0.38623 0.43806 0.59598 0.64834 0.68471 
-2.41583 -1.74813 -1.18609 -0.63115 -0.39475 -0.27124 -0.11567 0.05229 2.00277 
0.16225 0.29192 0.40645 0.56622 0.66043 0.77941 0.84812 1.07735 1.87760 
-1.16968 -0.71989 -0.25357 -0.12728 0.06988 0.24604 0.50217 0.78887 1.03199 
-1.49206 -0.88294 -0.60887 -0.19781 -0.01479 0.09373 0.35678 0.73222 1.43204 
-2.33571 -1.40331 -1.00085 -0.78463 -0.57140 -0.33059 -0.22093 -0.18204 -0.11388 
-0.07350 -0.03786 -0.02476 -0.01218 -0.00434 0.00847 0.02347 0.04147 0.06325 
-3.00411 -1.64114 -1.07281 -0.78457 -0.39147 -0.30051 -0.15324 -0.08474 -0.04778 
-1.89091 -1.18097 -1.08508 -0.78134 -0.69793 -0.53003 -0.36803 -0.19624 -0.16845 
-0.05745 -0.03348 -0.02182 -0.00917 -0.00243 0.01307 0.02987 0.04223 0.06118 
-1.61755 -0.77012 -0.33905 -0.10935 0.01009 0.23783 0.61267 0.92499 1.30646 
-0.42920 -0.30341 -0.17536 -0.10342 -0.01923 0.04279 0.10894 0.24744 0.42090 
-1.23178 -0.95310 -0.57144 -0.23472 -0.05163 0.11992 0.29455 0.74107 1.49622 
-1.82100 -0.90351 -0.54315 -0.18092 -0.01647 0.08221 0.38278 0.82975 1.65527 
-1.59049 -0.86598 -0.29937 -0.14638 0.09729 0.21161 0.62200 1.04716 1.81128 
-0.06336 -0.04839 -0.02903 -0.01455 0.00157 0.00950 0.01807 0.04083 0.07178 
-0.06377 -0.04782 -0.02473 -0.01536 -0.00122 0.01311 0.02111 0.03317 0.04899 
-1.43742 -0.93444 -0.63672 -0.23587 -0.03607 0.11854 0.30548 0.84191 1.51115 
0.15394 0.18715 0.26690 0.41506 0.75561 0.84769 1.02272 1.08845 2.38455 
0.16126 0.20840 0.24009 0.32177 0.51967 0.88788 1.13889 1.18292 2.71163 
0.33622 0.36412 0.39339 0.40822 0.43999 0.46012 0.66532 0.72824 0.79783 
-1.88833 -1.34717 -1.02552 -0.84083 -0.56654 -0.43965 -0.31964 -0.18295 -0.08647 
-2.29823 -1.51062 -1.03395 -0.79892 -0.55903 -0.37821 -0.16336 -0.03050 0.24452 
-1.25965 -0.72793 -0.26257 -0.14257 0.01575 0.25114 0.49756 0.84068 1.16142 
-1.96340 -0.88246 -0.56161 -0.16865 -0.01978 0.07357 0.36476 0.76293 1.71395 
-1.23013 -0.93707 -0.54672 -0.27632 -0.02486 0.11406 0.31865 0.80509 1.53067 
-0.06701 -0.04378 -0.02668 -0.00959 0.00152 0.01646 0.03068 0.03996 0.07190 
-1.25786 -0.95625 -0.59410 -0.21186 -0.02662 0.09765 0.32152 0.87190 1.58403 
-0.06364 -0.04393 -0.02685 -0.01098 0.00076 0.01141 0.02273 0.03274 0.04800 
0.18027 0.21249 0.27667 0.38772 0.70469 0.84831 1.04732 1.09236 2.43772 
-2.05072 -0.92152 -0.57163 -0.13861 -0.05594 0.13058 0.40618 0.78640 1.71921 
0.07956 0.24017 0.31608 0.37675 0.52944 0.72776 1.03930 1.34520 2.47201 
-1.11924 -0.62387 -0.23374 -0.08622 0.02599 0.22403 0.43724 0.72916 1.01018 
-2.19943 -1.49977 -1.11830 -0.75567 -0.65649 -0.43744 -0.19693 0.08866 1.70089 
-0.04872 -0.03582 -0.01669 -0.00681 0.00690 0.01736 0.03727 0.04814 0.07265 
-1.66324 -0.72272 -0.35077 -0.07924 0.02597 0.19583 0.60856 0.87852 1.60791 
-0.07521 -0.04750 -0.02815 -0.01204 0.00159 0.01527 0.03061 0.04844 0.07288 
-2.73363 -1.53713 -1.04864 -0.90064 -0.46367 -0.29145 -0.23088 -0.17511 -0.10488 
0.21732 0.24772 0.26303 0.28164 0.33265 0.42400 0.45849 0.50447 0.53101 
0.16904 0.22387 0.30095 0.49654 0.68112 0.84172 1.02300 1.08450 2.41728 
0.34310 0.36972 0.39131 0.40795 0.43035 0.45395 0.63011 0.71510 0.74673 
-1.64204 -1.18818 -0.92323 -0.68164 -0.38155 -0.19333 -0.06089 0.38308 1.97003 
-1.39351 -0.96735 -0.63230 -0.22824 -0.02592 0.10345 0.30859 0.73809 1.54241 
-0.06295 -0.04443 -0.02192 -0.01460 -0.00229 0.01213 0.02231 0.04341 0.05979 
-0.60194 -0.34141 -0.15461 -0.07564 0.02847 0.14290 0.26379 0.38763 0.56609 
-2.34185 -1.64675 -1.19765 -0.81914 -0.56085 -0.30217 -0.14022 0.10939 0.88652 
-1.31686 -0.84418 -0.27023 -0.13707 0.03390 0.24632 0.49264 0.84481 1.15984 
-1.43569 -1.12722 -0.87733 -0.77260 -0.65091 -0.59121 -0.49731 -0.35987 -0.20658 
-1.03140 -0.81646 -0.52320 -0.27403 -0.10343 0.05025 0.16777 0.61640 1.00018 
-0.06188 -0.03594 -0.02193 -0.00465 0.00289 0.01825 0.03368 0.04797 0.06504 
-0.05760 -0.03511 -0.02456 -0.01161 -0.00211 0.01306 0.02134 0.03393 0.05923 
-0.06471 -0.05259 -0.02991 -0.02355 -0.01078 0.00536 0.02131 0.03431 0.05254 
-1.12506 -1.05344 -0.77362 -0.72213 -0.64905 -0.56020 -0.49258 -0.43830 -0.37787 
-2.46570 -1.45138 -1.03614 -0.89455 -0.58488 -0.30016 -0.23933 -0.17526 -0.11515 
-1.35602 -1.09382 -0.85283 -0.78895 -0.65810 -0.56394 -0.45580 -0.36595 -0.24142 
0.15431 0.20838 0.29164 0.54434 0.72050 0.81527 0.99087 1.03634 2.28892 
0.14209 0.22948 0.28405 0.39092 0.45718 0.86926 1.06979 1.20618 2.76508 
-0.05728 -0.04223 -0.02810 -0.02124 -0.00323 0.00404 0.01364 0.03402 0.06484 
-1.03014 -0.59030 -0.19865 -0.09526 -0.00406 0.17064 0.38286 0.57431 0.96876 
-1.48287 -1.09833 -0.78780 -0.51602 -0.27009 -0.06113 0.04717 0.43665 1.79318 
-0.97045 -0.87744 -0.70187 -0.62438 -0.57535 -0.53946 -0.47959 -0.40052 -0.33023 
0.32459 0.36057 0.37452 0.39065 0.40106 0.43027 0.65410 0.70387 0.75061 
-2.55338 -1.47005 -1.05143 -0.94303 -0.42492 -0.32955 -0.25747 -0.19301 -0.10452 
-1.43022 -0.87240 -0.31018 -0.14136 0.01585 0.27224 0.55957 0.81504 1.24991 
-0.61646 -0.41201 -0.26164 -0.14835 -0.05049 0.08137 0.15924 0.37778 0.63437 
-1.81283 -1.17665 -1.02844 -0.79251 -0.68188 -0.57531 -0.37863 -0.25648 -0.19960 
-1.66162 -1.12426 -1.00484 -0.82664 -0.71450 -0.59396 -0.36621 -0.21563 -0.16636 
-1.89092 -1.39162 -1.01965 -0.86102 -0.60019 -0.37898 -0.28421 -0.21030 -0.10021 
-0.07096 -0.05324 -0.04172 -0.02046 -0.00502 0.00657 0.02292 0.03827 0.05762 
-0.66435 -0.40387 -0.17101 -0.06938 0.00817 0.15349 0.24435 0.48481 0.66570 
-1.28005 -0.89672 -0.55149 -0.26255 -0.02477 0.11399 0.34772 0.73911 1.37041 
-1.90587 -1.23291 -1.00743 -0.86605 -0.74338 -0.34635 -0.24006 -0.18985 -0.13406 
0.35403 0.41418 0.45207 0.49957 0.53939 0.55551 0.59519 0.92758 1.15609 
-1.82369 -1.18005 -1.02787 -0.79891 -0.71899 -0.58528 -0.37102 -0.22560 -0.16874 
0.03992 0.16758 0.27697 0.41324 0.65835 0.85998 1.01882 1.32654 1.96433 
-1.35053 -0.79204 -0.24982 -0.13011 0.03891 0.21662 0.53632 0.79350 1.05969 
-2.43630 -1.43898 -1.01907 -0.83370 -0.53598 -0.37465 -0.25567 -0.21012 -0.15756 
-0.06577 -0.05093 -0.02720 -0.00574 0.00442 0.02083 0.03327 0.04833 0.06607 
-1.64766 -1.13140 -0.96140 -0.81371 -0.66498 -0.55317 -0.37768 -0.21490 -0.18806 
0.34503 0.40509 0.48382 0.55215 0.58399 0.61142 0.64709 1.03071 1.30284 
-0.06654 -0.04742 -0.03869 -0.01702 -0.00943 0.00693 0.02173 0.03989 0.05757 
-0.05257 -0.03572 -0.01245 0.00196 0.01238 0.01888 0.03433 0.04865 0.06950 
-2.20882 -1.54107 -1.08391 -0.86130 -0.64991 -0.38556 -0.25072 -0.08031 0.15374 
-2.14646 -0.95806 -0.21971 0.05919 0.20666 0.41630 0.85777 1.29741 1.79425 
-0.05586 -0.04269 -0.02821 -0.01650 -0.00334 0.00586 0.02614 0.03762 0.04907 
-0.07613 -0.04864 -0.03424 -0.01755 0.00017 0.01703 0.03228 0.04797 0.07005 
-0.12466 0.14626 0.28520 0.41934 0.53683 0.86181 1.10727 1.60966 2.64371 
-0.06274 -0.03155 -0.02509 -0.01638 -0.00108 0.00705 0.02858 0.04710 0.06947 
-0.89846 -0.24501 0.17631 0.42902 0.55414 0.82846 0.99680 1.43553 1.64569 
-0.06099 -0.04389 -0.02905 -0.01136 0.00171 0.01507 0.03132 0.04303 0.05900 
-2.98424 -1.62619 -1.09489 -0.75433 -0.34361 -0.26831 -0.15444 -0.07651 -0.04182 
-1.07918 -0.21618 0.20171 0.42277 0.62745 0.89127 1.20354 1.49344 2.02064 
-2.50557 -1.54988 -1.18073 -0.87712 -0.59469 -0.39624 -0.22283 -0.09529 -0.01741 
-0.05249 -0.02772 -0.01914 -0.00411 0.00663 0.01871 0.03021 0.03906 0.06013 
-1.20518 -0.85299 -0.57217 -0.25349 -0.05004 0.12005 0.31131 0.89318 1.41931 
-1.37250 -0.88922 -0.63346 -0.23244 -0.02299 0.08944 0.31910 0.87390 1.55173 
-2.59480 -1.51097 -1.06464 -0.93792 -0.49385 -0.30577 -0.24481 -0.18307 -0.11201 
-0.66159 -0.25454 0.19268 0.46840 0.62509 0.79414 0.99542 1.33331 1.57283 
-0.94742 -0.52946 -0.21439 -0.08861 0.03663 0.18193 0.36196 0.57305 0.86142 
0.34576 0.42426 0.48699 0.54742 0.62189 0.67330 0.72109 1.07411 1.54206 
-1.26674 -0.95737 -0.57977 -0.22996 -0.01529 0.12850 0.30998 0.75497 1.46781 
-1.25408 -0.89072 -0.61350 -0.27503 -0.04702 0.11450 0.31506 0.77379 1.52453 
-1.72538 -0.74359 -0.36800 -0.08376 0.02160 0.17892 0.67668 0.86634 1.59679 
-1.19727 -0.88180 -0.47731 -0.30056 -0.03923 0.14541 0.28432 0.71493 1.24564 
-1.97996 -0.73896 -0.36809 -0.07397 0.01538 0.14399 0.54321 0.94513 1.71748 
-1.52629 -0.85792 -0.60381 -0.19493 -0.02388 0.09993 0.33063 0.73407 1.41700 
-1.87517 -1.16196 -0.70933 -0.41908 -0.17368 -0.02103 0.34831 0.93617 1.60855 
-0.07837 -0.05090 -0.03424 -0.02239 0.00607 0.01449 0.03019 0.04857 0.06658 
0.23283 0.34073 0.46925 0.57368 0.68163 0.74725 0.84189 1.04506 1.69686 
-1.92934 -0.88504 -0.60867 -0.19011 -0.02153 0.07007 0.39276 0.84800 1.72319 
-1.66411 -0.66566 -0.36475 -0.08536 0.03704 0.19026 0.65963 0.88861 1.63259 
-1.25784 -0.59384 -0.11094 0.03889 0.19295 0.39364 0.74313 0.82100 1.25322 
-1.27890 -0.37862 0.04837 0.19966 0.37068 0.58410 0.79553 1.09473 1.42522 
-0.05406 -0.03288 -0.02446 -0.00942 0.00090 0.01846 0.02797 0.05196 0.06876 
-0.05683 -0.03813 -0.02882 -0.01551 -0.00681 0.00666 0.03007 0.04314 0.06186 
-0.06677 -0.04376 -0.02297 -0.00828 0.00894 0.02102 0.02778 0.04852 0.07154 
-1.64459 -0.82946 -0.32111 -0.09491 0.02061 0.20726 0.64886 0.83953 1.48500 
0.17021 0.19586 0.29344 0.48364 0.72816 0.86526 1.01663 1.05664 2.31294 
-1.26650 -0.87371 -0.59519 -0.24745 -0.02250 0.10066 0.30532 0.83776 1.55598 
-2.62321 -1.52834 -1.02916 -0.90279 -0.53654 -0.28349 -0.22319 -0.15828 -0.09022 
0.35480 0.41061 0.49210 0.54357 0.57328 0.60901 0.64278 0.97915 1.23778 
-1.47490 -0.86744 -0.69427 -0.22443 -0.02404 0.08175 0.32190 0.79831 1.56571 
-1.57352 -0.70842 -0.29756 -0.09520 0.04069 0.18148 0.56526 0.82896 1.59590 
-2.31395 -1.77459 -1.12826 -0.88409 -0.53794 -0.31597 -0.08122 0.33795 2.29321 
-1.57143 0.06708 0.22820 0.34500 0.53450 0.85417 1.12194 1.49313 2.39024 
-0.07077 -0.04154 -0.02808 -0.01709 -0.00546 0.00772 0.02052 0.03030 0.04398 
-2.53116 -1.46124 -1.08013 -0.92829 -0.49585 -0.35905 -0.28305 -0.20061 -0.08934 
0.12785 0.15309 0.16907 0.17753 0.18715 0.19903 0.20418 0.22929 0.24532 
-2.01641 -0.99076 -0.45082 -0.15379 -0.02501 0.05414 0.34339 0.68874 1.84052 
-0.05950 -0.04158 -0.03254 -0.01954 -0.01575 0.00183 0.01849 0.04008 0.05843 
0.35832 0.40390 0.46750 0.50666 0.56604 0.61721 0.64122 1.00117 1.27849 
0.34675 0.40775 0.42840 0.44656 0.46689 0.49183 0.59205 0.85197 0.97875 
-0.04268 -0.03430 -0.02079 -0.01530 -0.00431 0.00687 0.01748 0.02817 0.05575 
0.19564 0.27098 0.31537 0.46862 0.57866 0.84526 1.11262 1.14966 2.66577 
-1.42821 -1.07420 -0.78942 -0.48094 -0.25122 -0.09338 0.04895 0.40323 2.14777 
-1.65701 -1.36120 -1.10041 -0.89139 -0.66035 -0.53979 -0.24377 -0.10483 1.04259 
-0.05161 -0.03138 -0.02104 -0.00748 0.00415 0.01484 0.02494 0.02986 0.04368 
-1.57817 -1.13139 -0.96858 -0.79974 -0.70341 -0.58768 -0.50184 -0.23300 -0.16872 
-1.98561 -1.08432 -0.75661 -0.45617 -0.21579 -0.01006 0.33416 0.92235 1.55890 
-2.67221 -1.52131 -1.04888 -0.91057 -0.42970 -0.28038 -0.24430 -0.15725 -0.11448 
-0.28811 0.04490 0.31745 0.50575 0.60037 0.74898 0.88112 1.11294 1.37223 
-0.98315 -0.88583 -0.69641 -0.64073 -0.60938 -0.55078 -0.50625 -0.44607 -0.35941 
-1.55193 -1.14176 -0.94833 -0.79546 -0.65707 -0.58506 -0.46624 -0.26538 -0.17798 
0.15397 0.20847 0.30028 0.36290 0.51366 0.87073 1.14772 1.21308 2.80891 
-0.07892 -0.04583 -0.01992 -0.00791 0.00492 0.01185 0.02754 0.04291 0.07378 
-0.73291 -0.33733 0.07713 0.33067 0.48452 0.65687 0.87096 1.10216 1.50442 
-0.06480 -0.04417 -0.03509 -0.01812 -0.00844 0.00678 0.01726 0.03458 0.05014 
-0.65406 -0.45264 -0.28416 -0.15807 -0.03193 0.07072 0.17475 0.41407 0.70001 
0.17115 0.24798 0.29098 0.40371 0.53253 0.87938 1.10276 1.17341 2.80323 
0.19344 0.27401 0.36040 0.60240 0.74582 0.84585 0.91049 1.04775 2.10114 
-1.50151 -0.79746 -0.32220 -0.13022 0.02920 0.23728 0.57992 0.93304 1.28035 
-1.34449 -0.96354 -0.61513 -0.23208 -0.04343 0.09235 0.27218 0.86963 1.59611 
-1.67687 -1.17412 -0.96318 -0.77377 -0.72017 -0.59714 -0.49020 -0.21363 -0.17557 
-1.62955 -0.91051 -0.66467 -0.23925 -0.02530 0.10809 0.30606 0.76220 1.55679 
0.26434 0.41223 0.48531 0.55342 0.61023 0.69687 0.75631 1.08064 1.62193 
-0.07425 -0.05272 -0.02511 -0.01074 0.00143 0.01621 0.02835 0.04406 0.06279 
-0.21642 -0.15300 -0.09703 -0.05693 -0.01883 0.01951 0.09875 0.12726 0.23549 
-0.65716 -0.28144 0.21943 0.46055 0.60326 0.79809 1.03635 1.36186 1.58390 
-1.09448 -0.73926 -0.51120 -0.31358 -0.10632 0.06373 0.15486 0.58824 1.03238 
-0.89005 -0.59071 -0.37502 -0.22783 -0.03797 0.11961 0.21588 0.54279 0.93121 
-1.59355 -0.33099 0.06621 0.26919 0.58202 0.84734 1.02852 1.42562 2.01782 
-2.37841 -1.37066 -0.95982 -0.77908 -0.54720 -0.33507 -0.23030 -0.14573 -0.08624 
-0.07121 -0.04791 -0.02730 -0.01550 -0.00385 0.00674 0.01956 0.03001 0.04336 
-0.97978 -0.57034 -0.21862 -0.09230 0.00888 0.20959 0.37540 0.57265 0.89601 
0.19435 0.25760 0.38966 0.51989 0.67281 0.81608 0.93601 1.04615 2.10229 
0.13081 0.26448 0.33312 0.41377 0.58490 0.83565 1.15213 1.31986 2.90769 
-2.46907 -1.44558 -1.04287 -0.86106 -0.54664 -0.30883 -0.22724 -0.18528 -0.14696 
0.19145 0.34084 0.43581 0.51368 0.61263 0.71761 0.84783 1.06415 1.33563 
0.14864 0.23516 0.29352 0.36094 0.52006 0.79590 1.15140 1.26895 2.90812 
-1.27003 -0.79676 -0.26169 -0.17109 0.04514 0.31345 0.52444 0.84207 1.15550 
-1.57793 -1.16814 -0.96345 -0.76412 -0.66621 -0.58303 -0.49007 -0.25951 -0.19275 
-0.21984 -0.12433 -0.09133 -0.05104 -0.00727 0.03552 0.06631 0.11861 0.21151 
0.12500 0.20662 0.28925 0.39187 0.58588 0.76657 0.98255 1.30308 2.58642 
0.16180 0.25339 0.30213 0.39374 0.54547 0.68902 0.95176 1.18704 2.38713 
-0.05695 -0.03283 -0.02217 -0.01593 -0.00570 0.01082 0.02116 0.03759 0.04948 
0.27109 0.40446 0.47704 0.55694 0.63074 0.71749 0.76864 1.05774 1.66840 
-0.05253 -0.03102 -0.01397 -0.00520 0.00450 0.01381 0.02340 0.04272 0.06606 
-0.05818 -0.04693 -0.03898 -0.02295 -0.00731 0.00806 0.02852 0.04104 0.06112 
0.14910 0.19902 0.30196 0.47060 0.71464 0.87343 1.02942 1.05932 2.30695 
-0.62521 -0.41018 -0.05367 0.14885 0.32736 0.49397 0.60185 0.77026 1.17907 
-0.05773 -0.03371 -0.02341 -0.01139 -0.00087 0.01652 0.02459 0.03644 0.05555 
-1.65986 -0.65620 -0.27808 -0.07152 0.08099 0.24801 0.63668 0.90401 1.46217 
-1.20236 -0.64815 -0.24083 -0.12843 0.02310 0.22191 0.44194 0.73824 1.06043 
0.16730 0.23242 0.28183 0.41724 0.71598 0.85746 1.02050 1.06299 2.30572 
-1.27109 -0.95250 -0.60153 -0.26238 -0.05757 0.10432 0.30507 0.87797 1.49941 
-1.94422 -0.84069 -0.53882 -0.17020 -0.02514 0.04855 0.35889 0.75081 1.67488 
-0.04765 -0.03325 -0.02050 -0.00657 0.00410 0.01152 0.02502 0.04401 0.08775 
-1.69094 -0.79462 -0.54335 -0.19959 0.02351 0.11863 0.52775 0.87724 2.02982 
0.18427 0.22653 0.29545 0.38101 0.60091 0.83764 1.07279 1.13033 2.56242 
0.12749 0.20839 0.25534 0.32017 0.52389 0.78204 0.97858 1.26952 2.41924 
-0.05823 -0.03886 -0.02843 -0.02054 -0.00852 0.00801 0.01854 0.03605 0.05092 
-0.04788 -0.03310 -0.01412 -0.00511 0.00276 0.01136 0.02410 0.03663 0.05431 
-0.05306 -0.02945 -0.02190 -0.01140 -0.00276 0.01205 0.02340 0.03879 0.05027 
0.19117 0.22063 0.30783 0.43839 0.64873 0.84972 1.06024 1.12102 2.52866 
-0.05301 -0.03837 -0.01822 -0.00511 0.00445 0.01455 0.02191 0.03289 0.05424 
-2.35369 -1.31866 -0.96037 -0.85279 -0.58886 -0.37950 -0.23191 -0.15039 -0.11555 
0.15368 0.22032 0.33268 0.50070 0.61243 0.78594 0.95264 1.16239 2.28359 
-0.09148 -0.05139 -0.03975 -0.01941 -0.00796 0.00724 0.01767 0.03053 0.05900 
-1.26742 -0.19646 0.23779 0.35437 0.59809 0.91856 1.23208 1.67080 2.37915 
-1.75292 -1.36949 -1.13006 -0.97357 -0.73711 -0.51129 -0.23194 0.26431 0.77389 
-1.22002 -1.05056 -0.79368 -0.75839 -0.66746 -0.57023 -0.50584 -0.41075 -0.32362 
-0.80363 -0.60560 -0.36853 -0.16930 -0.06081 0.10864 0.22493 0.52154 0.97115 
-0.06970 -0.05674 -0.02822 -0.00711 0.00629 0.01396 0.02766 0.04674 0.05980 
-0.05404 -0.03485 -0.02292 -0.00901 0.00233 0.01231 0.02363 0.03298 0.04827 
-1.57676 -1.09694 -0.94807 -0.80827 -0.69401 -0.58918 -0.39030 -0.19765 -0.15721 
-2.57389 -1.53637 -1.15043 -0.83717 -0.57171 -0.32949 -0.19815 -0.07839 -0.01792 
-0.16337 0.11926 0.31094 0.47801 0.61047 0.78830 1.02290 1.28503 1.51445 
0.31859 0.39960 0.45909 0.55113 0.59074 0.62993 0.66585 1.01988 1.38345 
-0.07254 -0.05651 -0.03880 -0.01627 -0.00464 0.01710 0.02971 0.04297 0.05650 
0.33690 0.39190 0.46426 0.52302 0.56150 0.61099 0.64122 0.98244 1.21471 
-0.05992 -0.04055 -0.02559 -0.01356 0.00195 0.01150 0.03166 0.04393 0.06300 
0.16645 0.19716 0.26470 0.40289 0.59527 0.84773 1.06649 1.12741 2.60854 
-2.18069 -1.30811 -1.13406 -0.89468 -0.67671 -0.32710 -0.25073 -0.19389 -0.13221 
0.17867 0.25538 0.30634 0.43304 0.59897 0.81266 1.07118 1.13129 2.55583 
0.20956 0.26781 0.32957 0.40136 0.52807 0.83506 1.10237 1.16974 2.66703 
-0.06343 -0.04479 -0.03554 -0.01778 -0.00626 0.01278 0.02549 0.03820 0.05330 
-2.64169 -1.56134 -1.07298 -0.95587 -0.39829 -0.27621 -0.21612 -0.13376 -0.07312 
0.17887 0.19949 0.22876 0.24915 0.26910 0.28678 0.30786 0.32556 0.34776 
-0.82130 -0.47220 -0.19383 -0.07479 0.00756 0.20452 0.31544 0.49350 0.73480 
0.09882 0.17194 0.23153 0.31663 0.44446 0.64083 1.05223 1.34882 2.35346 
0.11882 0.21138 0.25039 0.32559 0.49505 0.80275 1.11629 1.26185 2.93625 
-1.22053 -0.97646 -0.57808 -0.24050 -0.01041 0.14163 0.33131 0.76930 1.49071 
-1.84176 -0.89467 -0.57121 -0.18209 -0.02346 0.07809 0.38835 0.78508 1.61871 
-0.05786 -0.04743 -0.03246 -0.02011 -0.01085 0.00624 0.02270 0.03323 0.05834 
-2.16412 -1.24604 -1.04646 -0.84371 -0.69708 -0.43020 -0.23985 -0.20430 -0.15954 
-3.01793 -1.64858 -1.05675 -0.69709 -0.32252 -0.26010 -0.18402 -0.07674 -0.03815 
-2.07379 -0.97754 -0.49066 -0.15548 -0.02446 0.07077 0.33907 0.73036 1.92582 
0.16360 0.22673 0.33636 0.49663 0.69921 0.82109 1.03443 1.07827 2.34870 
-0.35696 -0.31177 -0.29398 -0.28524 -0.27032 -0.25165 -0.22070 -0.20993 -0.18521 
-2.10402 -1.22146 -1.07236 -0.83231 -0.64612 -0.45773 -0.28163 -0.20289 -0.13786 
-0.05471 -0.03374 -0.01880 -0.00729 0.00799 0.02523 0.03607 0.04657 0.06858 
-0.12448 -0.10530 -0.08264 -0.06543 -0.05400 -0.04090 -0.02736 -0.01361 0.00564 
-1.66217 -0.79786 -0.31585 -0.11835 0.04892 0.23678 0.64301 0.89871 1.32089 
0.35158 0.42446 0.47345 0.53279 0.56268 0.59191 0.62097 0.97691 1.26839 
-1.87007 -1.19703 -1.03113 -0.76513 -0.68012 -0.61834 -0.42069 -0.21885 -0.17490 
0.16050 0.18200 0.25028 0.50989 0.67670 0.82344 1.01756 1.06448 2.30237 
-0.64688 -0.47356 -0.30144 -0.13135 -0.02389 0.07361 0.18602 0.38397 0.72034 
-1.64026 -1.26622 -1.06105 -0.85149 -0.70133 -0.54086 -0.28268 -0.08645 1.06997 
0.13643 0.22107 0.28360 0.36974 0.49055 0.74254 1.00941 1.21004 2.15181 
-1.45810 -1.13693 -0.99369 -0.84576 -0.72112 -0.55042 -0.33962 -0.20588 0.50745 
-2.41143 -1.57047 -0.99265 -0.77226 -0.34956 -0.28015 -0.16003 -0.10684 -0.03890 
0.32628 0.35331 0.36602 0.37974 0.39981 0.44432 0.65550 0.72258 0.79184 
-1.47059 -0.57711 -0.15742 0.29223 0.44382 0.60549 0.92552 1.30821 1.94671 
-1.13200 -0.61156 -0.25119 -0.10987 0.00772 0.23966 0.41836 0.70260 0.95148 
-1.53251 -0.73384 -0.36877 -0.07317 0.01194 0.18347 0.67191 0.83753 1.60381 
-1.13582 -0.80586 -0.47132 -0.27746 -0.03357 0.15404 0.29091 0.74591 1.34247 
-0.31174 -0.29587 -0.28126 -0.26383 -0.24868 -0.23891 -0.22334 -0.20339 -0.17743 
0.12185 0.19998 0.28321 0.38280 0.57161 0.71585 0.99530 1.50282 2.38285 
0.15692 0.27003 0.48155 0.54754 0.65837 0.75189 0.84821 1.06494 1.79175 
-0.05084 -0.03739 -0.02560 -0.01565 0.00563 0.01997 0.03243 0.04429 0.06633 
-3.04700 -1.61326 -1.05429 -0.82731 -0.30346 -0.24347 -0.16496 -0.07034 -0.04790 
-0.06349 -0.04670 -0.03551 -0.01990 0.00037 0.01406 0.02385 0.03837 0.04819 
-1.79260 -0.87703 -0.53153 -0.15583 -0.00278 0.08378 0.40046 0.75125 1.57480 
-1.83962 -1.16352 -1.05000 -0.76267 -0.66913 -0.57084 -0.40288 -0.29811 -0.18720 
0.14211 0.20956 0.28266 0.42830 0.57612 0.90419 1.10871 1.13544 2.59306 
-0.09968 -0.06029 -0.03350 -0.00429 0.01801 0.03179 0.05267 0.07070 0.10704 
-0.63092 -0.39060 -0.06033 0.19955 0.30491 0.44995 0.58208 0.71579 1.16253 
0.20458 0.24059 0.30895 0.41159 0.55054 0.80937 1.06589 1.16279 2.65860 
-1.89442 -0.26499 0.08148 0.24000 0.42517 0.75493 1.00100 1.23884 2.04291 
-0.06341 -0.04274 -0.03204 -0.01073 0.00098 0.00840 0.02222 0.03981 0.07040 
-0.77553 -0.52347 -0.31156 -0.14337 0.00554 0.10108 0.18795 0.50333 0.85919 
-0.18491 -0.10661 -0.06894 -0.02425 0.01518 0.04896 0.08047 0.12752 0.22077 
-0.05221 -0.03223 -0.01481 -0.00234 0.00207 0.01336 0.02241 0.03945 0.06139 
-1.89983 -0.39837 0.01749 0.27163 0.54019 0.86765 1.07853 1.54096 2.10103 
-0.37960 -0.19161 -0.12983 -0.04534 0.01918 0.07004 0.14657 0.23884 0.30313 
-1.39344 -1.12463 -0.91315 -0.79490 -0.69936 -0.58388 -0.46012 -0.32524 -0.18204 
-0.05669 -0.04241 -0.02970 -0.01980 0.00019 0.01340 0.02463 0.03483 0.05462 
-1.88199 -0.89197 -0.56229 -0.18373 -0.01423 0.07456 0.41200 0.78216 1.67436 
-1.50823 -0.84613 -0.34827 -0.10691 0.05516 0.27566 0.63481 0.86317 1.38561 
-0.06576 -0.03373 -0.02146 -0.00756 0.00448 0.01495 0.02209 0.03680 0.05194 
-1.09002 -0.83659 -0.48913 -0.27346 -0.04039 0.13721 0.26670 0.56778 1.26920 
0.19258 0.23287 0.29715 0.41185 0.50624 0.86813 1.15971 1.22233 2.78579 
-2.16815 -1.24590 -1.08126 -0.81776 -0.73048 -0.42025 -0.27900 -0.22743 -0.15558 
-0.95768 -0.55413 -0.17920 -0.11760 0.03725 0.22745 0.37630 0.59009 0.86752 
-0.82589 -0.61292 -0.33506 -0.18308 -0.01623 0.10214 0.19660 0.51460 0.92745 
0.39247 0.41729 0.44503 0.46782 0.51249 0.55128 0.60728 0.92080 0.99999 
-0.06713 -0.03387 -0.02673 -0.00789 0.00686 0.01860 0.03212 0.05062 0.07237 
-1.20469 -0.83791 -0.51470 -0.24628 -0.03059 0.12884 0.30046 0.77935 1.29501 
0.36607 0.42621 0.48303 0.50701 0.53318 0.56768 0.59418 0.97069 1.15489 
-0.07105 -0.05071 -0.02720 -0.01369 -0.00081 0.01100 0.02296 0.04645 0.06915 
0.10418 0.30375 0.47044 0.56552 0.68385 0.73316 0.85899 1.00479 1.33503 
-1.79061 -1.28092 -0.71953 -0.37739 -0.16369 -0.04175 0.04337 0.33264 1.89776 
-2.03591 -0.95689 -0.43914 -0.17537 -0.01283 0.08691 0.35133 0.67090 1.83845 
0.36198 0.43673 0.46719 0.50610 0.51555 0.54542 0.60896 0.91943 1.05958 
0.18170 0.24171 0.30257 0.43417 0.60140 0.86016 1.08890 1.15606 2.61033 
-0.81604 -0.42359 -0.19245 -0.07746 0.01632 0.16819 0.30381 0.49287 0.69626 
-0.06253 -0.04992 -0.04151 -0.02590 -0.00719 0.00363 0.02105 0.03459 0.05199 
-0.07613 -0.05635 -0.03733 -0.02060 -0.00727 0.00565 0.01751 0.03045 0.05364 
0.22199 0.30566 0.44165 0.59951 0.69804 0.79503 0.82677 1.04057 1.84578 
0.09672 0.23460 0.32535 0.45535 0.53454 0.84886 1.10228 1.29858 2.21478 
-0.05905 -0.03553 -0.02488 -0.01305 -0.00329 0.00755 0.01716 0.02730 0.04779 
-1.70372 -1.19197 -0.96235 -0.64208 -0.36478 -0.18855 -0.04933 0.42108 2.15184 
-2.49394 -1.42376 -1.04075 -0.89630 -0.58284 -0.30649 -0.24033 -0.19088 -0.12634 
-0.56481 -0.37889 -0.16317 -0.06671 -0.00318 0.13330 0.26625 0.42426 0.56921 
-1.78374 -0.91910 -0.23285 0.02204 0.22672 0.39595 0.78999 1.21587 1.76126 
-0.37693 -0.19563 0.08834 0.25949 0.33978 0.48823 0.58168 0.73821 1.02337 
-0.05448 -0.03489 -0.02413 -0.01528 -0.00042 0.01309 0.02926 0.04873 0.07308 
-2.58617 -1.59111 -1.28562 -0.81167 -0.51497 -0.36883 -0.17507 -0.02085 1.83484 
-0.06780 -0.04636 -0.03068 -0.00911 -0.00149 0.01069 0.02167 0.04851 0.06678 
-3.08421 -1.65726 -1.07056 -0.82847 -0.33847 -0.24962 -0.13851 -0.07553 -0.04849 
-1.67323 -0.69651 -0.43918 -0.08935 0.03594 0.15674 0.64308 0.88279 1.73018 
0.16577 0.19910 0.23764 0.35110 0.49964 0.87924 1.12065 1.14641 2.71500 
0.34674 0.42734 0.49470 0.54898 0.61757 0.64804 0.68284 1.02316 1.38794 
0.36413 0.44012 0.47314 0.54417 0.57900 0.60995 0.67953 1.01133 1.28300 
0.23251 0.29044 0.31973 0.38576 0.46597 0.51325 0.63742 0.71007 0.84011 
-0.04323 -0.02903 -0.01459 0.00206 0.00846 0.01564 0.02269 0.03420 0.05819 
-2.42544 -1.70239 -1.10905 -0.59596 -0.41877 -0.30669 -0.09167 0.04371 1.88829 
-1.36343 -1.11265 -0.85896 -0.81039 -0.66661 -0.55705 -0.50894 -0.36686 -0.24270 
-2.44812 -1.63694 -1.03372 -0.75314 -0.39832 -0.25116 -0.16606 -0.09901 -0.03704 
-2.79824 -1.59877 -1.02619 -0.94354 -0.35888 -0.26530 -0.19664 -0.14122 -0.08833 
-1.80543 -0.87461 -0.53691 -0.18377 -0.02856 0.06348 0.34505 0.75114 1.64282 
-0.05103 -0.03855 -0.03045 -0.01985 -0.00659 0.00948 0.01778 0.04667 0.06622 
-1.27159 -0.93623 -0.55444 -0.24183 -0.03481 0.10936 0.30321 0.77615 1.55513 
-0.05204 -0.03514 -0.01886 -0.00761 0.00279 0.02447 0.03307 0.05009 0.06159 
-1.25464 -0.90297 -0.61289 -0.24327 -0.04867 0.09948 0.29591 0.72338 1.57002 
0.32777 0.39377 0.46418 0.55449 0.61309 0.63880 0.67190 0.98566 1.39325 
-1.67311 -0.70212 -0.31358 -0.12140 0.05092 0.25350 0.58914 0.89463 1.28122 
-1.53805 -1.15525 -0.92473 -0.77266 -0.68069 -0.65022 -0.44482 -0.21637 -0.17427 
-0.71537 -0.65828 -0.57733 -0.52863 -0.49975 -0.46597 -0.44405 -0.38170 -0.36010 
-1.42268 -0.90489 -0.33334 -0.12673 0.03018 0.32891 0.58723 0.86561 1.30663 
-0.06147 -0.04808 -0.03087 -0.02104 -0.01315 0.00524 0.02026 0.04017 0.06721 
-1.12145 -0.55799 -0.22804 -0.13038 0.03245 0.22630 0.45665 0.70574 1.00611 
-0.05188 -0.03635 -0.02238 -0.00457 0.00506 0.01357 0.02458 0.03427 0.05008 
-0.13443 0.14548 0.22729 0.41538 0.54764 0.82106 1.26932 1.55037 2.65251 
-0.06309 -0.04025 -0.02934 -0.01553 -0.00460 0.00862 0.02681 0.03778 0.06571 
-1.48427 -0.10608 0.18075 0.39195 0.63459 0.82052 1.00166 1.32202 1.92143 
-0.06295 -0.03496 -0.01776 -0.00292 0.00525 0.01630 0.03339 0.05025 0.07893 
-0.05390 -0.03373 -0.02085 -0.00780 0.00577 0.01348 0.02505 0.03353 0.04322 
-1.25132 -1.08231 -0.86878 -0.77206 -0.71465 -0.60565 -0.53701 -0.40692 -0.25691 
-2.98578 -1.64532 -1.01982 -0.85044 -0.33518 -0.27244 -0.18726 -0.11758 -0.07116 
-0.05303 -0.04342 -0.02718 -0.01277 -0.00042 0.01118 0.02693 0.03403 0.05998 
-1.09155 -0.76553 -0.44717 -0.27842 -0.03113 0.15399 0.25784 0.56207 1.20882 
-1.64560 -0.82717 -0.31415 -0.11377 0.01682 0.24137 0.60990 0.90230 1.30436 
-0.06615 -0.05163 -0.02619 -0.01759 -0.00138 0.01120 0.03085 0.04590 0.06609 
-0.05926 -0.03624 -0.01852 -0.00570 0.00327 0.01962 0.02993 0.03801 0.05614 
-0.05382 -0.02914 -0.01938 -0.00598 0.01045 0.02004 0.03124 0.04438 0.06029 
-0.62290 -0.39288 -0.12130 -0.07206 -0.00097 0.15806 0.23001 0.44184 0.56113 
-1.25806 -0.38995 0.03341 0.20957 0.32206 0.59740 0.82260 1.07244 1.37613 
-0.06415 -0.05296 -0.04374 -0.03479 -0.01758 0.00414 0.01907 0.03281 0.06112 
-0.05574 -0.03825 -0.02974 -0.01800 -0.00388 0.01774 0.02597 0.04201 0.05763 
-0.06220 -0.03893 -0.02677 -0.01201 0.00331 0.01525 0.02189 0.03850 0.04819 
-0.05925 -0.03388 -0.02543 -0.01146 -0.00076 0.01227 0.03082 0.03893 0.05335 
0.15077 0.21695 0.27843 0.34093 0.56532 0.74200 1.03620 1.23731 2.76998 
-1.29083 -0.59962 -0.14616 0.01864 0.20742 0.37567 0.73834 0.84348 1.30752 
0.13243 0.20931 0.26706 0.31053 0.45820 0.85419 1.15084 1.29581 2.89051 
0.22199 0.29698 0.37793 0.52649 0.65114 0.78719 0.92524 1.08231 2.07900 
0.38876 0.47064 0.52638 0.57056 0.62105 0.64032 0.67262 1.03339 1.33166 
-1.67832 0.04381 0.26899 0.36505 0.60122 0.82650 1.11670 1.47991 2.23213 
-1.72408 -1.25057 -0.65532 -0.27055 -0.13282 -0.01756 0.04941 0.38752 1.88646 
-0.05806 -0.04295 -0.02214 -0.00982 0.00507 0.01800 0.02737 0.03594 0.07015 
-1.33911 -0.71474 -0.29169 -0.13719 0.02247 0.26369 0.47703 0.84439 1.03678 
-0.56926 -0.20258 0.28098 0.43936 0.68109 0.89145 1.07315 1.37487 1.75485 
0.34612 0.39969 0.44062 0.46336 0.48670 0.51329 0.63723 0.87082 0.96058 
-1.84412 -0.76227 -0.43824 -0.06519 0.02488 0.15249 0.51154 1.00404 1.94794 
0.19681 0.26027 0.38601 0.44031 0.54811 0.66830 0.77600 0.97247 1.28394 
-1.40947 -1.15208 -0.94273 -0.73659 -0.61528 -0.47281 -0.29940 0.06031 0.36633 
-1.94653 -0.71797 -0.41106 -0.06780 0.00828 0.15331 0.50491 0.94461 1.84045 
-1.38696 -0.98233 -0.67214 -0.24602 -0.03765 0.12120 0.31762 0.85745 1.61676 
-1.90441 -1.25349 -0.86974 -0.61644 -0.35425 -0.13812 -0.05755 0.43086 2.31654 
-1.62784 -0.70112 -0.28015 -0.08017 0.03839 0.19483 0.66672 0.88241 1.57520 
-1.78374 -0.94014 -0.54576 -0.22495 -0.02496 0.10233 0.36542 0.82190 1.56696 
-1.58551 -0.69866 -0.34558 -0.10593 0.01836 0.16800 0.66108 0.86749 1.57421 
-0.07633 -0.05863 -0.03380 -0.02630 -0.00663 0.00145 0.01211 0.02367 0.04180 
0.21810 0.24038 0.24975 0.28073 0.35673 0.40779 0.43074 0.44010 0.47148 
-1.35687 -1.03720 -0.89483 -0.53715 -0.29949 -0.10367 0.02477 0.52715 1.69053 
-0.04845 -0.03110 -0.01987 -0.00478 0.00621 0.01727 0.02725 0.05668 0.08025 
-0.04557 -0.02325 -0.01195 -0.00620 0.00135 0.01317 0.02662 0.04225 0.05314 
-2.00290 -0.29081 0.09885 0.36682 0.57359 0.88237 1.21731 1.62737 2.48508 
-1.75751 -0.68055 -0.33529 -0.07796 0.02408 0.16652 0.66868 0.84490 1.64500 
0.19459 0.24186 0.33500 0.44715 0.56007 0.92040 1.09975 1.17687 2.66926 
-0.06879 -0.04448 -0.03133 -0.01660 -0.00262 0.01003 0.01965 0.02850 0.04379 
-2.11634 -1.48095 -1.05268 -0.74697 -0.58991 -0.25660 0.06232 0.54089 2.28712 
-0.66992 -0.25458 0.25118 0.44286 0.67954 0.81501 1.08006 1.31786 1.60550 
-0.05894 -0.04166 -0.02003 -0.01080 0.00218 0.00788 0.02231 0.04082 0.06469 
-1.78280 -1.15397 -1.00445 -0.79747 -0.67377 -0.56005 -0.36836 -0.26145 -0.19553 
-2.70731 -1.55599 -1.08817 -0.86663 -0.36725 -0.26912 -0.20734 -0.16429 -0.09167 
0.17221 0.33477 0.50532 0.58819 0.67859 0.74326 0.81146 1.07542 1.69506 
-1.22050 -1.05519 -0.84227 -0.77380 -0.66229 -0.58023 -0.49721 -0.38858 -0.27008 
-1.26622 -0.96122 -0.58723 -0.25247 -0.03155 0.12441 0.29466 0.81623 1.51314 
-0.05469 -0.04502 -0.02779 -0.01684 -0.00629 0.00673 0.02954 0.04348 0.06389 
-1.11809 -1.00902 -0.76478 -0.71472 -0.65272 -0.53830 -0.46326 -0.41475 -0.30983 
-1.59698 -0.70251 -0.30974 -0.08538 0.03028 0.20936 0.65713 0.86974 1.60078 
-0.42893 -0.39959 -0.37195 -0.35742 -0.32920 -0.31059 -0.29296 -0.27740 -0.26015 
-2.77678 -1.55173 -1.04159 -0.91431 -0.42127 -0.26192 -0.19498 -0.13948 -0.07152 
-1.21683 -0.60851 -0.26915 -0.15326 0.02491 0.22804 0.46532 0.72430 1.00920 
-0.05120 -0.03935 -0.02804 -0.01803 -0.01086 -0.00278 0.00789 0.02195 0.04524 
-1.00948 -0.74614 -0.44875 -0.25691 -0.02972 0.11080 0.18904 0.63379 1.09128 
-0.05351 -0.03291 -0.01300 -0.00406 0.01076 0.01511 0.02076 0.03474 0.05912 
-1.31239 -0.94774 -0.64190 -0.23218 -0.02690 0.11214 0.32494 0.75582 1.57495 
-2.10629 -1.23144 -1.11555 -0.82667 -0.72166 -0.42400 -0.26448 -0.22471 -0.18070 
-0.59087 -0.41014 -0.21102 -0.12582 -0.04594 0.05602 0.16565 0.37024 0.60709 
-0.94429 -0.56652 -0.19832 -0.10526 0.02295 0.16653 0.34741 0.59033 0.89105 
-2.02648 -1.30341 -0.86857 -0.42802 -0.18632 -0.02056 0.27897 0.93909 1.63778 
-1.53349 -0.91544 -0.64395 -0.21754 -0.01695 0.09438 0.35551 0.75436 1.49470 
0.14198 0.18665 0.28367 0.46599 0.71678 0.83571 0.90862 1.09493 2.11499 
-0.06018 -0.04817 -0.02911 -0.01172 0.00079 0.01311 0.02818 0.04778 0.06088 
-1.37858 -0.84854 -0.32609 -0.12019 0.01029 0.29536 0.53076 0.87688 1.25011 
-2.32110 -1.33155 -1.05622 -0.82602 -0.64278 -0.37826 -0.26177 -0.20086 -0.14517 
-0.06653 -0.04235 -0.02521 -0.00577 0.00368 0.01575 0.02402 0.03189 0.05799 
-2.10432 -1.55263 -0.96349 -0.75494 -0.56872 -0.28886 0.07262 0.49817 2.11421 
-0.05344 -0.04103 -0.02212 -0.00406 0.00771 0.02091 0.03209 0.04459 0.06006 
-2.10033 -1.24482 -1.10536 -0.79746 -0.67585 -0.49904 -0.31890 -0.19863 -0.17360 
-2.96172 -1.59665 -1.03033 -0.80784 -0.36622 -0.26759 -0.17151 -0.07092 -0.04902 
-0.06625 -0.04452 -0.02236 -0.01159 -0.00108 0.01044 0.03000 0.03967 0.05669 
-1.63350 -0.78089 -0.53341 -0.19070 0.01919 0.13119 0.56479 0.87590 1.97015 
-1.64914 -0.72158 -0.28425 -0.08234 0.03637 0.18311 0.65202 0.82793 1.50773 
-2.45586 -1.43995 -1.04815 -0.85718 -0.67143 -0.32701 -0.24060 -0.16854 -0.10143 
-2.70394 -1.56066 -1.06967 -0.93002 -0.40227 -0.28444 -0.19109 -0.13097 -0.09024 
0.19156 0.25422 0.32142 0.40034 0.53912 0.80429 1.13233 1.19652 2.77854 
-2.66049 -1.54548 -1.07853 -0.98272 -0.41294 -0.27839 -0.22805 -0.15449 -0.08342 
0.33817 0.37815 0.39464 0.41224 0.43784 0.47458 0.64684 0.78707 0.84719 
-0.06198 -0.03689 -0.02735 -0.01502 -0.00652 0.00003 0.01690 0.03671 0.05356 
0.17686 0.21236 0.23550 0.29722 0.34529 0.36953 0.39148 0.41409 0.44567 
-0.30989 -0.28933 -0.26924 -0.24764 -0.22981 -0.21994 -0.20937 -0.18608 -0.16991 
-1.84460 -1.44766 -1.01539 -0.82454 -0.54515 -0.38377 -0.28363 -0.16648 -0.09010 
-0.06009 -0.05229 -0.03766 -0.02209 -0.00651 0.00198 0.01524 0.02728 0.04164 
-2.09494 -1.26438 -0.76994 -0.44033 -0.22111 -0.02654 0.29839 0.99908 1.66854 
-0.04826 -0.03043 -0.01281 -0.00561 0.00135 0.01106 0.02884 0.03635 0.05798 
0.15199 0.19302 0.24329 0.34810 0.50162 0.82034 1.18815 1.27247 2.90537 
-1.19044 -0.60043 -0.24669 -0.15567 0.03512 0.20026 0.44521 0.72294 0.99763 
-0.06683 -0.04347 -0.02747 -0.01572 -0.00446 0.00877 0.02128 0.03333 0.04949 
0.16975 0.24676 0.30420 0.38901 0.61647 0.88543 1.08253 1.14884 2.65004 
0.16090 0.32376 0.42808 0.47635 0.52950 0.63252 0.69735 0.79611 0.91705 
-0.06056 -0.04161 -0.02493 -0.00411 0.00552 0.01686 0.02958 0.04634 0.06348 
-0.05312 -0.04573 -0.02752 -0.01165 -0.00170 0.01640 0.02466 0.04662 0.07065 
0.15906 0.22032 0.27056 0.39486 0.44799 0.82920 1.13144 1.26467 2.91604 
-0.05897 -0.03487 -0.02269 -0.01117 0.01190 0.02332 0.03642 0.05233 0.06829 
-2.12475 -0.94455 -0.48837 -0.15748 -0.01443 0.05606 0.35787 0.72848 1.86812 
-2.72890 -1.53345 -1.05803 -0.88978 -0.35762 -0.26549 -0.18866 -0.11764 -0.07199 
-1.44246 -1.08140 -0.97990 -0.79971 -0.69453 -0.58520 -0.45618 -0.26406 -0.16223 
-2.42408 -1.51841 -1.14970 -0.90908 -0.60129 -0.32096 -0.20509 -0.08143 -0.03862 
-2.41389 -1.69980 -1.08691 -0.82161 -0.54715 -0.38059 -0.17049 -0.08356 0.07034 
-0.04833 -0.03313 -0.01269 0.00210 0.01545 0.02832 0.03728 0.05215 0.06716 
-1.56030 -0.78422 -0.31813 -0.11657 0.04599 0.25021 0.60975 0.92469 1.31975 
-0.84652 -0.54030 -0.18986 -0.09843 0.02017 0.22977 0.36574 0.50303 0.80805 
-2.89621 -1.60859 -1.03667 -0.79225 -0.37641 -0.26067 -0.17998 -0.11883 -0.06628 
-0.06000 -0.03546 -0.02507 -0.01511 0.00215 0.01376 0.02536 0.04069 0.05690 
-1.20086 -0.19890 0.21301 0.46389 0.59158 0.84660 1.15386 1.50124 1.89330 
-0.05123 -0.03431 -0.01549 -0.00621 0.00323 0.01505 0.03026 0.04632 0.06325 
-1.98930 -0.25947 0.06809 0.19719 0.43039 0.69636 1.03551 1.27689 1.97278 
-0.17331 0.05619 0.32044 0.52613 0.64628 0.77267 0.96112 1.28900 1.50083 
0.13128 0.21943 0.26016 0.33888 0.44106 0.81265 1.15271 1.26898 2.92359 
-0.05466 -0.03663 -0.02261 -0.01485 0.00405 0.01532 0.02203 0.03629 0.06445 
0.16129 0.19415 0.26884 0.39270 0.58189 0.83396 1.08432 1.14564 2.60107 
-1.22673 -1.05662 -0.82702 -0.77092 -0.67414 -0.61708 -0.51051 -0.40300 -0.22180 
-2.48558 -1.47055 -1.09380 -0.89743 -0.52198 -0.31244 -0.20911 -0.10706 -0.03456 
-2.37165 -1.39856 -0.99977 -0.64228 -0.40402 -0.23337 -0.07617 0.21804 2.44666 
0.36037 0.41322 0.46901 0.52291 0.55756 0.57836 0.60666 0.98356 1.21061 
-1.38164 -0.93875 -0.34590 -0.11778 0.06677 0.30136 0.58535 0.87160 1.22151 
-1.38703 -1.10899 -0.88052 -0.81119 -0.69269 -0.61842 -0.49321 -0.34169 -0.22345 
-0.05384 -0.04324 -0.01675 -0.00161 0.00715 0.01846 0.03104 0.04754 0.06738 
-0.04691 -0.02335 -0.01485 -0.00447 0.00526 0.01651 0.03393 0.04719 0.06404 
-1.95330 -0.95206 -0.44680 -0.13777 -0.01782 0.06188 0.31478 0.73737 1.88613 
0.15545 0.24728 0.32639 0.37486 0.53338 0.71053 1.07209 1.26783 2.39526 
-0.06739 -0.04405 -0.03055 -0.01720 -0.00848 0.00380 0.00947 0.02085 0.05097 
-2.45626 -1.59983 -1.23941 -0.77457 -0.44851 -0.28167 -0.13480 -0.01695 1.96482 
-1.92885 -0.92488 -0.49107 -0.18994 -0.02652 0.07096 0.34833 0.73477 1.73612 
-1.31091 -0.58355 -0.12863 0.02376 0.16312 0.37631 0.71174 0.86963 1.26362 
-1.88260 -0.70225 -0.41784 -0.06194 0.01968 0.17547 0.57605 0.87279 1.67779 
-0.85080 -0.76485 -0.62766 -0.58948 -0.54136 -0.49577 -0.45657 -0.39761 -0.31156 
0.24696 0.36377 0.43778 0.50338 0.65057 0.71363 0.78591 1.06207 1.71668 
-1.82680 -1.17977 -0.76409 -0.40223 -0.18943 -0.04013 0.02736 0.24909 1.99617 
-0.04426 -0.02745 -0.01767 -0.00496 0.00356 0.02121 0.03327 0.04528 0.07657 
-0.06356 -0.03423 -0.02256 -0.01249 -0.00339 0.00862 0.03131 0.04907 0.06874 
-1.09769 -0.22208 0.25651 0.44363 0.70973 0.79487 1.23345 1.47083 1.94481 
-1.60402 -0.97181 -0.79961 -0.60811 -0.35114 -0.17089 0.19215 0.49426 1.08849 
-1.45537 -0.84739 -0.27787 -0.15081 0.04203 0.30027 0.55587 0.83736 1.19967 
-0.05797 -0.03229 -0.01004 -0.00061 0.01057 0.02006 0.02897 0.04091 0.06417 
-1.65285 -1.15098 -0.96997 -0.78349 -0.70347 -0.58943 -0.45595 -0.30663 -0.18593 
-1.07484 -0.83063 -0.52636 -0.27077 -0.02853 0.14324 0.30421 0.67877 1.34181 
-3.03949 -1.64084 -1.07238 -0.77270 -0.39378 -0.28262 -0.19062 -0.08562 -0.02906 
-1.47569 -0.91487 -0.65590 -0.24143 -0.03492 0.08324 0.29321 0.81206 1.52092 
0.18972 0.25446 0.34445 0.51076 0.65043 0.77734 0.95581 1.09455 2.25232 
-1.69558 -0.68998 -0.33103 -0.09811 0.02885 0.17351 0.57284 0.84203 1.61492 
-0.05555 -0.03679 -0.01729 -0.00640 0.01197 0.02334 0.02997 0.05559 0.07021 
-0.07115 -0.05099 -0.02788 -0.00741 0.00229 0.01859 0.03209 0.04692 0.06515 
-2.57137 -1.78241 -1.20181 -0.82367 -0.64442 -0.36567 -0.12664 0.10781 1.48398 
-0.05431 -0.03221 -0.02427 -0.01045 0.01159 0.02168 0.03086 0.04523 0.07096 
-2.97873 -1.63907 -1.02867 -0.82226 -0.37432 -0.23275 -0.16105 -0.10671 -0.05181 
0.16782 0.20906 0.26094 0.35150 0.58669 0.84804 1.12345 1.16056 2.66698 
0.11914 0.23107 0.33656 0.47157 0.63299 0.75556 0.95833 1.23429 2.38413 
0.10186 0.23138 0.33603 0.49277 0.68689 0.82026 0.95297 1.08160 1.73983 
-1.18932 -0.83057 -0.52527 -0.30009 -0.03277 0.14315 0.29028 0.65474 1.33653 
0.17888 0.23039 0.28216 0.41669 0.61253 0.83684 1.07609 1.13636 2.56390 
-0.04977 -0.03207 -0.00474 0.00157 0.00842 0.01639 0.03315 0.04997 0.08040 
-0.06873 -0.03959 -0.01550 -0.00911 0.00140 0.00971 0.01876 0.02881 0.04190 
-2.18066 -0.74985 -0.12762 0.13177 0.36594 0.57740 0.82284 1.42974 1.90270 
