100 2
1 0.0402564563177236
1 -0.0943448996055387
1 -0.161575910600499
1 -0.0507005250493038
1 -0.0739202041301777
1 0.0893504792872707
1 -0.056432056264136
1 -0.157065727676996
1 -0.0749138566183033
1 -0.158839337779284
1 0.08633541558992
1 -0.00216661025213526
1 0.0880322048073816
1 -0.0695557258384926
1 -0.109216520571513
1 0.00401785984896572
1 -0.0512987223518349
1 0.0168537540183315
1 0.0878799803062364
1 0.0752317421825758
1 -0.000313714867965226
1 0.0928292019589617
1 0.159958764176393
1 0.113783686097912
1 0.0180610285848646
1 0.0429908783066651
1 0.0330472360697375
1 0.0437236120294601
1 0.174441650984951
1 -0.206096050153514
1 0.0168074582179747
1 0.00728750559509963
1 0.103580643597863
1 0.13995916220459
1 0.155135802366402
1 -0.256384415817472
1 0.198854565254163
1 0.0879413373822293
1 0.00446939984803254
1 -0.0376286038410991
1 -0.104170302400848
1 -0.171715567836814
1 0.0988183586144206
1 0.011388411830385
1 -0.0792423262921888
1 0.0329707666492958
1 0.0490959667614067
1 -0.0840782810402557
1 0.210882496821538
1 0.0781232154317222
1 0.0400237220604041
1 0.0734557410791916
1 -0.0776817053456832
1 -0.110851298843538
1 0.22629331367387
1 0.190206989462917
1 -0.152440323109215
1 -0.0343292041829886
1 -0.0787076917300863
1 0.178553638422945
1 -0.119081543560882
1 0.0119663565745294
1 -0.0534604718196256
1 0.0358052472652435
1 -0.0079326688710299
1 -0.00477059079134037
1 0.129768084143011
1 -0.109099966539559
1 0.0559947228423281
1 -0.264951319915651
1 -0.0578828826889171
1 -0.100976574735674
1 -0.0355063935739605
1 -0.0654221553207525
1 -0.0177245661732633
1 -0.0232876933312417
1 -0.0404347167005469
1 -0.156541063018127
1 0.0145785723542405
1 0.0626578803387079
1 -0.146758052606023
1 0.0889464272633941
1 0.0879151190542373
1 0.0389843368270426
1 0.0522086017519901
1 0.0483800848985533
1 0.105411987120505
1 -0.342805533305121
1 0.0536915615184484
1 -0.0447802861173677
1 0.0183505938560602
1 0.115026382167942
1 0.0121514718664492
1 0.0568453152690504
1 0.200562362244455
1 0.0197994837996115
1 0.0202113147367715
1 0.0763574273954798
1 -0.0714296829266057
1 -0.0111320449879257
