10 10
-0.619 0.113 0.171 0.123 -0.569 -0.262 0.693 -0.299 -0.267 0.009
1.482 0.502 0.729 -1.034 1.084 -0.229 0.237 -2.268 0.013 0.631
-0.088 0.283 -0.022 1.187 1.216 -0.422 -1.897 -1.246 -0.364 -0.177
-0.946 -0.911 -0.503 0.223 0.307 0.115 -1.268 -0.348 0.118 0.565
-0.709 1.314 -0.098 -1.294 0.791 -0.684 0.84 -1.163 -0.055 -0.926
0.531 -1.462 -0.415 0.277 -0.25 -1.028 -1.865 0.162 -1.025 -0.522
-0.066 0.106 -0.782 0.399 0.051 -0.084 2.694 1.585 1.146 2.796
0.238 1.107 -1.027 0.243 -1.514 1.642 0.277 -0.2 1.479 1.425
-1.376 0.384 0.133 -0.997 -0.79 1.02 -1.161 1.153 -0.45 -0.532
