100 10
128.11 124.31 129.15 120.32 132.74 118.28 122.69 126.27 119.55 125.2
127.19 123.98 117.09 128.16 120.48 134.64 125.76 128.37 120.48 118
121.37 132.58 120.1 125.55 130.81 123.26 125.95 123.29 128.05 128.88
133.91 125.09 123.75 136.32 130.31 123.68 117.75 124.62 133.12 118.64
124.98 129.87 129.33 116.66 120.03 135.76 121.63 133.07 129.93 126.93
125.58 131.89 131.16 133.48 126.71 132.79 112.95 121.88 126.04 121.94
130.23 114.77 118.12 130.61 125.4 125.17 113.78 130.24 121.59 126.11
120.25 123.42 121.23 125.99 141.46 127.72 125.69 126.91 121.96 121.32
117.29 115.3 123.84 119.75 126.57 111.2 121.72 119.86 125.21 120.5
118.3 123.22 130.21 125.58 119.23 122.7 127.91 128.08 119.71 123.37
122.89 135.55 114.32 118.27 118.02 130.84 133.55 117.69 124.39 124.87
127.77 121.19 124.07 128.27 112.65 134.11 119.38 124.67 117.15 124.9
134.65 120.75 120.21 127.72 128.96 130.29 139.95 122.68 123.62 130.41
131.04 126.31 114.04 127.01 116.35 122.21 127.72 122.45 119.68 131.95
130.21 128.93 118.37 119.73 138.2 122.42 130.11 127.44 124.23 121.8
122.53 126.58 128.43 119.49 133.12 135.78 122.26 135.55 121.07 130.03
127.63 121.31 117.86 117.77 113.13 117.45 125.57 117.29 119.75 129.75
122.03 123.24 122.11 129.68 130.17 118.42 126.89 128.04 126.85 128.77
128.16 123.64 114.99 124.92 126.69 130.21 127.61 127.26 127.57 125.21
119.02 128.74 131.43 122.57 123.35 132.96 121.95 116.26 129.88 127.78
117.35 133.56 122.65 123.67 125.34 122.09 116.11 123.34 129.09 127.69
129.86 120.86 132.72 117.51 123.89 124.94 121.15 127.7 126.93 116.69
132.39 129.56 126.08 118.26 128.47 120.61 122.59 130.43 119.1 125.95
122.74 122.24 121.32 124.29 125.17 121.74 128.5 127.38 124.19 120.83
129.14 131.93 119.62 115.43 117.24 122.06 117.57 132.51 117.03 135.58
126.48 128.39 126.02 117.27 131.11 132.13 114.89 130.08 119.92 126.85
131.72 128.18 126.64 125.83 122.25 126.58 123.66 119.58 125.12 132.25
127.12 120.48 112.02 118.67 120.5 128.47 120.45 128.04 126.78 123.19
117.36 124.72 126.81 117.85 126.98 116.39 122.74 117.67 125.62 134.45
124.94 126.18 129.28 128.93 127.72 126.28 126.03 123.48 120.62 126.34
122.54 127.01 131.95 132.36 119.72 125.8 125.96 124.29 122.35 126.04
126.39 128.93 117.14 121.47 124.85 124.94 124.62 122.21 128.91 127.26
118.74 124.5 123.97 134.23 125 124.88 126.07 125.92 130.1 128.42
131.87 127.51 121.22 123.59 129.7 119.7 127.39 123.84 125.55 135.42
122.79 128.43 117.88 130.52 118.96 120.52 117.54 127.41 128.66 126.54
122.96 128.42 119.69 133.94 119.93 120.96 119.12 130.13 129.72 120.91
130.81 118.74 124.25 120.29 120.75 121.79 122.94 125.84 118.82 124.88
121.04 119.9 123.09 128.03 127.77 127.76 124.59 129.33 124.07 120.59
135.96 133.29 131.48 118.28 123.05 123.69 127.66 119.02 127.69 125.06
129.75 124 132.03 114.91 124.76 128.79 122.98 127.98 129.25 124.01
118.6 130.94 119.58 135.49 114.81 132.58 128.47 115.52 129.66 126.14
129.04 123.87 129.42 122.4 127.9 122.83 117.47 124.13 114.24 120.17
124.6 121.5 128.54 135.55 123.1 130.32 131.14 120.5 134.12 130.64
124.82 132.92 127.64 123.1 133.65 126.86 125.42 134.48 131.43 125.66
123.07 127.73 127.31 136.08 134.76 120.74 125.62 129.2 128.64 117.35
124.56 128.03 121.18 112.28 125.43 120.88 117.86 128.83 116.43 119.98
117.66 114.7 130.43 125.71 116.12 128.02 125.79 130.93 126.23 127.47
118.85 121.8 125.6 122.44 120.22 122.56 124.1 122.46 122.34 123.06
127.73 129.31 135.53 125.46 130.93 127.55 127.36 119.27 122.46 123.41
128.72 122.3 121.32 129.28 122.82 127.12 129.27 122.75 128.84 119.33
118.27 125.3 130.05 127.28 128.55 123.13 120.58 127.62 127.75 125.78
129.93 125.83 128.57 130.8 128.68 120.88 126.24 126.67 126.27 126.9
134.28 135.14 117.29 117.75 122.42 121.49 127.57 127.78 134.55 131.81
134.99 123.34 126.54 123.9 123.31 125.35 125.84 124.34 132.61 126.12
131.09 120.89 135.05 119.45 123.14 124.3 118.16 119.29 122.51 131.93
126.1 129.32 122.02 125.73 117.86 127.35 123.12 121.93 133.8 133.1
124.32 127.32 124.2 122.74 122.88 119.96 136.85 124.37 130.56 123.33
123.02 126.23 122.02 128.19 130.01 124.34 129.45 125.59 130.07 122.77
127.73 126.99 123.94 128.12 126.52 120.31 113.62 114.1 121.46 118.52
127.34 136.1 127.64 123.92 119.24 127.17 114.13 116.55 126 124.92
122.26 126.16 125.53 124.53 128.53 130.85 133.58 128.03 113.2 131.28
122.59 124.01 122.14 115.68 125.34 120.08 123.23 120.54 120.81 118.92
113.09 120.69 124.73 128.12 114.05 122.19 126.43 125.16 123.97 121.96
133.78 125.25 126.05 131.2 120.35 121.1 132.93 127.99 122.31 117.54
126.25 133.43 116.51 110.1 122.05 130.37 129.46 126.13 126.36 127.41
120.91 123.66 129.15 135.22 119.7 129.53 132.59 115.67 128.94 128.46
127.47 117.91 126.4 119.82 122.88 124.13 121.04 126.4 121.98 133.85
130.64 132.44 127.95 116.76 122.13 128.02 120 124.15 121.96 120.02
132.07 115.71 122.05 127.44 130.42 123.32 129.03 120.29 121.61 117.98
127.39 126.44 118.61 136.84 130.32 128.15 126.68 116.9 110.93 124.86
125.78 121.96 127.9 122.1 118.73 125.04 132.73 124.27 121.95 129.5
116.58 119.02 132.5 118.85 119.34 133.42 113.57 115.5 128.98 129.24
130.64 131.4 119.43 124.91 129.13 120.75 126.31 124.52 122.48 122.18
118.73 132.89 130.1 138.47 117 128.05 126.64 128.74 119.88 130.46
118.85 115.91 124.16 133.41 125.86 128.65 131.64 122.42 119.3 128.2
128.52 113.97 120.44 130.63 127.61 126.05 131.27 123.33 127.94 123.13
121.3 128.4 122.28 126.84 114.91 126.46 131.58 135.73 120.62 131.27
112.65 132.25 127.95 125.06 118.5 132 139.06 120.79 126.19 133.7
129.39 131.13 121.77 121.76 120.62 110 126.47 125.93 118.2 123.94
125.45 122.22 131.84 132.96 133.51 132.66 125.95 124.09 121.05 129.25
125.87 127.34 125.62 131.44 126.43 122.67 120.67 119.93 127.21 126.82
119.48 120.06 125.95 127.12 130.79 123.31 119.6 126.08 126.89 120.52
124.99 119.84 114.54 137.46 128.9 117.24 120.42 128.75 128.09 129.27
132.25 122.46 122.93 128.99 116.79 124.83 125.75 124.63 124.2 125
126.18 134.95 125.81 125.99 118.65 119.23 118.91 123.87 124.51 113.77
119.37 130.94 126.47 119.01 122.33 137.35 117.93 128.18 120.01 129.85
128.01 128.4 122.08 118.15 123.81 113.36 124.14 121.28 122.53 125.67
135.4 127.45 128.21 138.99 132.19 123.67 136.07 125.06 123.96 125.44
116.73 114.61 120.33 125.01 121.23 124.71 127.63 116.56 126.41 127.38
129.43 124.28 129.84 123.65 123.72 122.1 125.54 117.33 123.97 122.56
120.35 123.97 129 120.04 129.37 122.1 121.21 129.75 125.6 117.64
122.69 121.78 121.8 122.45 127.32 129.15 132.85 111.99 126.74 133.52
128.35 128.49 119.54 115.64 130.92 116.23 121.17 122.55 125.61 122.81
125.84 126.57 119.12 117.96 126.18 122.38 117.63 123.48 129.64 134.99
115.16 122.19 125.78 117.02 120.89 124.01 131.64 129.09 131.07 125.66
132.23 129.64 129.96 130.53 123.32 131 121.55 128.25 118.51 126.74
124.95 127.28 125.24 131.12 124.29 122.17 123.41 119.48 122.43 123.26
122.35 120.06 120.57 126.86 126.57 121.88 132.39 124.72 126.22 127.85
118.25 125.6 128.35 120.82 131.72 127.15 130.49 127.56 115.59 131.15
128.75 135.14 124.06 120.22 128.78 124.47 124.54 128.62 125 124.68
